tick, sec, speed, distance, spdacm, x, y, energy
0, 0.000000, 0.000000, 0.000000, 0.000000, 500.000000, 109.000000, 1108869333.333333
1, 0.016667, 0.024610, 0.024610, 0.015625, 500.015625, 109.000000, 1108849333.333333
2, 0.033333, 0.036722, 0.061333, 0.039063, 500.039063, 109.000000, 1108839333.333333
3, 0.050000, 0.048789, 0.110121, 0.074219, 500.074219, 109.000000, 1108829333.333333
4, 0.066667, 0.060810, 0.170931, 0.125000, 500.125000, 109.000000, 1108819333.333333
5, 0.083333, 0.072786, 0.243717, 0.183594, 500.183594, 109.000000, 1108809333.333333
6, 0.100000, 0.084717, 0.328434, 0.257813, 500.257813, 109.000000, 1108799333.333333
7, 0.116667, 0.096603, 0.425037, 0.343750, 500.343750, 109.000000, 1108789333.333333
8, 0.133333, 0.108445, 0.533482, 0.437500, 500.437500, 109.000000, 1108779333.333333
9, 0.150000, 0.120242, 0.653724, 0.546875, 500.546875, 109.000000, 1108769333.333333
10, 0.166667, 0.131996, 0.785720, 0.667969, 500.667969, 109.000000, 1108759333.333333
11, 0.183333, 0.143705, 0.929425, 0.800781, 500.800781, 109.000000, 1108749333.333333
12, 0.200000, 0.155370, 1.084794, 0.945313, 500.945313, 109.000000, 1108739333.333333
13, 0.216667, 0.166991, 1.251786, 1.097656, 501.097656, 109.000000, 1108729333.333333
14, 0.233333, 0.178569, 1.430355, 1.265625, 501.265625, 109.000000, 1108719333.333333
15, 0.250000, 0.190104, 1.620458, 1.445313, 501.445313, 109.000000, 1108709333.333333
16, 0.266667, 0.201595, 1.822053, 1.632813, 501.632813, 109.000000, 1108699333.333333
17, 0.283333, 0.213043, 2.035096, 1.835938, 501.835938, 109.000000, 1108689333.333333
18, 0.300000, 0.224448, 2.259544, 2.050781, 502.050781, 109.000000, 1108679333.333333
19, 0.316667, 0.235810, 2.495354, 2.273438, 502.273438, 109.000000, 1108669333.333333
20, 0.333333, 0.247130, 2.742484, 2.507813, 502.507813, 109.000000, 1108659333.333333
21, 0.350000, 0.258407, 3.000892, 2.757813, 502.757813, 109.000000, 1108649333.333333
22, 0.366667, 0.269642, 3.270534, 3.015625, 503.015625, 109.000000, 1108639333.333333
23, 0.383333, 0.280835, 3.551369, 3.285156, 503.285156, 109.000000, 1108629333.333333
24, 0.400000, 0.291986, 3.843356, 3.566406, 503.566406, 109.000000, 1108619333.333333
25, 0.416667, 0.303095, 4.146451, 3.859375, 503.859375, 109.000000, 1108609333.333333
26, 0.433333, 0.314163, 4.460614, 4.160156, 504.160156, 109.000000, 1108599333.333333
27, 0.450000, 0.325189, 4.785803, 4.476563, 504.476563, 109.000000, 1108589333.333333
28, 0.466667, 0.336173, 5.121976, 4.800781, 504.800781, 109.000000, 1108579333.333333
29, 0.483333, 0.347117, 5.469093, 5.136719, 505.136719, 109.000000, 1108569333.333333
30, 0.500000, 0.358019, 5.827112, 5.484375, 505.484375, 109.000000, 1108559333.333333
31, 0.516667, 0.368881, 6.195993, 5.839844, 505.839844, 109.000000, 1108549333.333333
32, 0.533333, 0.379701, 6.575694, 6.210938, 506.210938, 109.000000, 1108539333.333333
33, 0.550000, 0.390482, 6.966176, 6.589844, 506.589844, 109.000000, 1108529333.333333
34, 0.566667, 0.401221, 7.367397, 6.980469, 506.980469, 109.000000, 1108519333.333333
35, 0.583333, 0.411921, 7.779318, 7.382813, 507.382813, 109.000000, 1108509333.333333
36, 0.600000, 0.422580, 8.201899, 7.792969, 507.792969, 109.000000, 1108499333.333333
37, 0.616667, 0.433200, 8.635098, 8.214844, 508.214844, 109.000000, 1108489333.333333
38, 0.633333, 0.443779, 9.078877, 8.648438, 508.648438, 109.000000, 1108479333.333333
39, 0.650000, 0.454319, 9.533196, 9.093750, 509.093750, 109.000000, 1108469333.333333
40, 0.666667, 0.464819, 9.998016, 9.546875, 509.546875, 109.000000, 1108459333.333333
41, 0.683333, 0.475280, 10.473296, 10.011719, 510.011719, 109.000000, 1108449333.333333
42, 0.700000, 0.485702, 10.958998, 10.488281, 510.488281, 109.000000, 1108439333.333333
43, 0.716667, 0.496085, 11.455083, 10.972656, 510.972656, 109.000000, 1108429333.333333
44, 0.733333, 0.506429, 11.961512, 11.468750, 511.468750, 109.000000, 1108419333.333333
45, 0.750000, 0.516734, 12.478246, 11.976563, 511.976563, 109.000000, 1108409333.333333
46, 0.766667, 0.527000, 13.005245, 12.492188, 512.492188, 109.000000, 1108399333.333333
47, 0.783333, 0.537228, 13.542473, 13.019531, 513.019531, 109.000000, 1108389333.333333
48, 0.800000, 0.547417, 14.089890, 13.558594, 513.558594, 109.000000, 1108379333.333333
49, 0.816667, 0.557568, 14.647459, 14.105469, 514.105469, 109.000000, 1108369333.333333
50, 0.833333, 0.567682, 15.215140, 14.660156, 514.660156, 109.000000, 1108359333.333333
51, 0.850000, 0.577757, 15.792897, 15.230469, 515.230469, 109.000000, 1108349333.333333
52, 0.866667, 0.587794, 16.380691, 15.808594, 515.808594, 109.000000, 1108339333.333333
53, 0.883333, 0.597794, 16.978486, 16.394531, 516.394531, 109.000000, 1108329333.333333
54, 0.900000, 0.607756, 17.586242, 16.992188, 516.992188, 109.000000, 1108319333.333333
55, 0.916667, 0.617681, 18.203923, 17.601563, 517.601563, 109.000000, 1108309333.333333
56, 0.933333, 0.627569, 18.831493, 18.218750, 518.218750, 109.000000, 1108299333.333333
57, 0.950000, 0.637420, 19.468913, 18.847656, 518.847656, 109.000000, 1108289333.333333
58, 0.966667, 0.647234, 20.116146, 19.484375, 519.484375, 109.000000, 1108279333.333333
59, 0.983333, 0.657011, 20.773157, 20.128906, 520.128906, 109.000000, 1108269333.333333
60, 1.000000, 0.666751, 21.439908, 20.789063, 520.789063, 109.000000, 1108259333.333333
61, 1.016667, 0.676455, 22.116362, 21.453125, 521.453125, 109.000000, 1108249333.333333
62, 1.033333, 0.686122, 22.802484, 22.128906, 522.128906, 109.000000, 1108239333.333333
63, 1.050000, 0.695753, 23.498237, 22.816406, 522.816406, 109.000000, 1108229333.333333
64, 1.066667, 0.705348, 24.203585, 23.511719, 523.511719, 109.000000, 1108219333.333333
65, 1.083333, 0.714907, 24.918492, 24.218750, 524.218750, 109.000000, 1108209333.333333
66, 1.100000, 0.724430, 25.642922, 24.933594, 524.933594, 109.000000, 1108199333.333333
67, 1.116667, 0.733918, 26.376840, 25.656250, 525.656250, 109.000000, 1108189333.333333
68, 1.133333, 0.743370, 27.120210, 26.390625, 526.390625, 109.000000, 1108179333.333333
69, 1.150000, 0.752786, 27.872996, 27.132813, 527.132813, 109.000000, 1108169333.333333
70, 1.166667, 0.762167, 28.635163, 27.886719, 527.886719, 109.000000, 1108159333.333333
71, 1.183333, 0.771513, 29.406676, 28.648438, 528.648438, 109.000000, 1108149333.333333
72, 1.200000, 0.780824, 30.187500, 29.421875, 529.421875, 109.000000, 1108139333.333333
73, 1.216667, 0.790100, 30.977599, 30.203125, 530.203125, 109.000000, 1108129333.333333
74, 1.233333, 0.799341, 31.776940, 30.992188, 530.992188, 109.000000, 1108119333.333333
75, 1.250000, 0.808548, 32.585488, 31.792969, 531.792969, 109.000000, 1108109333.333333
76, 1.266667, 0.817720, 33.403208, 32.601563, 532.601563, 109.000000, 1108099333.333333
77, 1.283333, 0.826857, 34.230065, 33.417969, 533.417969, 109.000000, 1108089333.333333
78, 1.300000, 0.835961, 35.066025, 34.246094, 534.246094, 109.000000, 1108079333.333333
79, 1.316667, 0.845030, 35.911055, 35.082031, 535.082031, 109.000000, 1108069333.333333
80, 1.333333, 0.854065, 36.765120, 35.925781, 535.925781, 109.000000, 1108059333.333333
81, 1.350000, 0.863066, 37.628186, 36.781250, 536.781250, 109.000000, 1108049333.333333
82, 1.366667, 0.872034, 38.500220, 37.640625, 537.640625, 109.000000, 1108039333.333333
83, 1.383333, 0.880968, 39.381188, 38.515625, 538.515625, 109.000000, 1108029333.333333
84, 1.400000, 0.889868, 40.271056, 39.394531, 539.394531, 109.000000, 1108019333.333333
85, 1.416667, 0.898735, 41.169792, 40.285156, 540.285156, 109.000000, 1108009333.333333
86, 1.433333, 0.907569, 42.077361, 41.183594, 541.183594, 109.000000, 1107999333.333333
87, 1.450000, 0.916370, 42.993730, 42.089844, 542.089844, 109.000000, 1107989333.333333
88, 1.466667, 0.925137, 43.918868, 43.007813, 543.007813, 109.000000, 1107979333.333333
89, 1.483333, 0.933872, 44.852740, 43.933594, 543.933594, 109.000000, 1107969333.333333
90, 1.500000, 0.942574, 45.795314, 44.867188, 544.867188, 109.000000, 1107959333.333333
91, 1.516667, 0.951244, 46.746558, 45.808594, 545.808594, 109.000000, 1107949333.333333
92, 1.533333, 0.959881, 47.706439, 46.761719, 546.761719, 109.000000, 1107939333.333333
93, 1.550000, 0.968485, 48.674924, 47.722656, 547.722656, 109.000000, 1107929333.333333
94, 1.566667, 0.977057, 49.651981, 48.687500, 548.687500, 109.000000, 1107919333.333333
95, 1.583333, 0.985597, 50.637579, 49.667969, 549.667969, 109.000000, 1107909333.333333
96, 1.600000, 0.994106, 51.631684, 50.652344, 550.652344, 109.000000, 1107899333.333333
97, 1.616667, 1.002582, 52.634266, 51.644531, 551.644531, 109.000000, 1107889333.333333
98, 1.633333, 1.011026, 53.645292, 52.648438, 552.648438, 109.000000, 1107879333.333333
99, 1.650000, 1.019439, 54.664731, 53.660156, 553.660156, 109.000000, 1107869333.333333
100, 1.666667, 1.027820, 55.692550, 54.679688, 554.679688, 109.000000, 1107859333.333333
101, 1.683333, 1.036170, 56.728720, 55.707031, 555.707031, 109.000000, 1107849333.333333
102, 1.700000, 1.044488, 57.773208, 56.742188, 556.742188, 109.000000, 1107839333.333333
103, 1.716667, 1.052775, 58.825984, 57.789063, 557.789063, 109.000000, 1107829333.333333
104, 1.733333, 1.061031, 59.887015, 58.839844, 558.839844, 109.000000, 1107819333.333333
105, 1.750000, 1.069257, 60.956272, 59.902344, 559.902344, 109.000000, 1107809333.333333
106, 1.766667, 1.077451, 62.033723, 60.968750, 560.968750, 109.000000, 1107799333.333333
107, 1.783333, 1.085615, 63.119337, 62.046875, 562.046875, 109.000000, 1107789333.333333
108, 1.800000, 1.093748, 64.213085, 63.132813, 563.132813, 109.000000, 1107779333.333333
109, 1.816667, 1.101850, 65.314935, 64.226563, 564.226563, 109.000000, 1107769333.333333
110, 1.833333, 1.109922, 66.424858, 65.328125, 565.328125, 109.000000, 1107759333.333333
111, 1.850000, 1.117964, 67.542822, 66.437500, 566.437500, 109.000000, 1107749333.333333
112, 1.866667, 1.125976, 68.668798, 67.558594, 567.558594, 109.000000, 1107739333.333333
113, 1.883333, 1.133957, 69.802755, 68.683594, 568.683594, 109.000000, 1107729333.333333
114, 1.900000, 1.141909, 70.944664, 69.816406, 569.816406, 109.000000, 1107719333.333333
115, 1.916667, 1.149831, 72.094495, 70.957031, 570.957031, 109.000000, 1107709333.333333
116, 1.933333, 1.157723, 73.252219, 72.109375, 572.109375, 109.000000, 1107699333.333333
117, 1.950000, 1.165586, 74.417805, 73.265625, 573.265625, 109.000000, 1107689333.333333
118, 1.966667, 1.173419, 75.591224, 74.433594, 574.433594, 109.000000, 1107679333.333333
119, 1.983333, 1.181223, 76.772446, 75.605469, 575.605469, 109.000000, 1107669333.333333
120, 2.000000, 1.188997, 77.961444, 76.785156, 576.785156, 109.000000, 1107659333.333333
121, 2.016667, 1.196743, 79.158186, 77.976563, 577.976563, 109.000000, 1107649333.333333
122, 2.033333, 1.204459, 80.362645, 79.171875, 579.171875, 109.000000, 1107639333.333333
123, 2.050000, 1.212146, 81.574791, 80.375000, 580.375000, 109.000000, 1107629333.333333
124, 2.066667, 1.219805, 82.794596, 81.589844, 581.589844, 109.000000, 1107619333.333333
125, 2.083333, 1.227435, 84.022030, 82.808594, 582.808594, 109.000000, 1107609333.333333
126, 2.100000, 1.235036, 85.257066, 84.035156, 584.035156, 109.000000, 1107599333.333333
127, 2.116667, 1.242608, 86.499675, 85.269531, 585.269531, 109.000000, 1107589333.333333
128, 2.133333, 1.250153, 87.749827, 86.515625, 586.515625, 109.000000, 1107579333.333333
129, 2.150000, 1.257669, 89.007496, 87.765625, 587.765625, 109.000000, 1107569333.333333
130, 2.166667, 1.265156, 90.272652, 89.023438, 589.023438, 109.000000, 1107559333.333333
131, 2.183333, 1.272616, 91.545268, 90.285156, 590.285156, 109.000000, 1107549333.333333
132, 2.200000, 1.280048, 92.825316, 91.558594, 591.558594, 109.000000, 1107539333.333333
133, 2.216667, 1.287452, 94.112768, 92.839844, 592.839844, 109.000000, 1107529333.333333
134, 2.233333, 1.294828, 95.407596, 94.128906, 594.128906, 109.000000, 1107519333.333333
135, 2.250000, 1.302176, 96.709772, 95.421875, 595.421875, 109.000000, 1107509333.333333
136, 2.266667, 1.309497, 98.019270, 96.722656, 596.722656, 109.000000, 1107499333.333333
137, 2.283333, 1.316791, 99.336060, 98.035156, 598.035156, 109.000000, 1107489333.333333
138, 2.300000, 1.324057, 100.660117, 99.351563, 599.351563, 109.000000, 1107479333.333333
139, 2.316667, 1.331296, 101.991413, 100.675781, 600.675781, 109.000000, 1107469333.333333
140, 2.333333, 1.338507, 103.329920, 102.003906, 602.003906, 109.000000, 1107459333.333333
141, 2.350000, 1.345692, 104.675612, 103.343750, 603.343750, 109.000000, 1107449333.333333
142, 2.366667, 1.352850, 106.028462, 104.691406, 604.691406, 109.000000, 1107439333.333333
143, 2.383333, 1.359981, 107.388443, 106.042969, 606.042969, 109.000000, 1107429333.333333
144, 2.400000, 1.367085, 108.755528, 107.402344, 607.402344, 109.000000, 1107419333.333333
145, 2.416667, 1.374162, 110.129690, 108.769531, 608.769531, 109.000000, 1107409333.333333
146, 2.433333, 1.380000, 111.509690, 110.144531, 610.144531, 109.000000, 1107399333.333333
147, 2.450000, 1.380000, 112.889690, 111.523438, 611.523438, 109.000000, 1107389333.333333
148, 2.466667, 1.380000, 114.269690, 112.902344, 612.902344, 109.000000, 1107379333.333333
149, 2.483333, 1.380000, 115.649690, 114.285156, 614.285156, 109.000000, 1107369333.333333
150, 2.500000, 1.380000, 117.029690, 115.664063, 615.664063, 109.000000, 1107359333.333333
151, 2.516667, 1.380000, 118.409690, 117.042969, 617.042969, 109.000000, 1107349333.333333
152, 2.533333, 1.380000, 119.789690, 118.425781, 618.425781, 109.000000, 1107339333.333333
153, 2.550000, 1.380000, 121.169690, 119.804688, 619.804688, 109.000000, 1107329333.333333
154, 2.566667, 1.380000, 122.549690, 121.183594, 621.183594, 109.000000, 1107319333.333333
155, 2.583333, 1.380000, 123.929690, 122.562500, 622.562500, 109.000000, 1107309333.333333
156, 2.600000, 1.380000, 125.309690, 123.945313, 623.945313, 109.000000, 1107299333.333333
157, 2.616667, 1.380000, 126.689690, 125.324219, 625.324219, 109.000000, 1107289333.333333
158, 2.633333, 1.380000, 128.069690, 126.703125, 626.703125, 109.000000, 1107279333.333333
159, 2.650000, 1.380000, 129.449690, 128.082031, 628.082031, 109.000000, 1107269333.333333
160, 2.666667, 1.380000, 130.829690, 129.464844, 629.464844, 109.000000, 1107259333.333333
161, 2.683333, 1.380000, 132.209690, 130.843750, 630.843750, 109.000000, 1107249333.333333
162, 2.700000, 1.380000, 133.589690, 132.222656, 632.222656, 109.000000, 1107239333.333333
163, 2.716667, 1.380000, 134.969690, 133.605469, 633.605469, 109.000000, 1107229333.333333
164, 2.733333, 1.380000, 136.349690, 134.984375, 634.984375, 109.000000, 1107219333.333333
165, 2.750000, 1.380000, 137.729690, 136.363281, 636.363281, 109.000000, 1107209333.333333
166, 2.766667, 1.380000, 139.109690, 137.742188, 637.742188, 109.000000, 1107199333.333333
167, 2.783333, 1.380000, 140.489690, 139.125000, 639.125000, 109.000000, 1107189333.333333
168, 2.800000, 1.380000, 141.869690, 140.503906, 640.503906, 109.000000, 1107179333.333333
169, 2.816667, 1.380000, 143.249690, 141.882813, 641.882813, 109.000000, 1107169333.333333
170, 2.833333, 1.380000, 144.629690, 143.265625, 643.265625, 109.000000, 1107159333.333333
171, 2.850000, 1.380000, 146.009690, 144.644531, 644.644531, 109.000000, 1107149333.333333
172, 2.866667, 1.380000, 147.389690, 146.023438, 646.023438, 109.000000, 1107139333.333333
173, 2.883333, 1.380000, 148.769690, 147.402344, 647.402344, 109.000000, 1107129333.333333
174, 2.900000, 1.380000, 150.149690, 148.785156, 648.785156, 109.000000, 1107119333.333333
175, 2.916667, 1.380000, 151.529690, 150.164063, 650.164063, 109.000000, 1107109333.333333
176, 2.933333, 1.380000, 152.909690, 151.542969, 651.542969, 109.000000, 1107099333.333333
177, 2.950000, 1.380000, 154.289690, 152.925781, 652.925781, 109.000000, 1107089333.333333
178, 2.966667, 1.380000, 155.669690, 154.304688, 654.304688, 109.000000, 1107079333.333333
179, 2.983333, 1.380000, 157.049690, 155.683594, 655.683594, 109.000000, 1107069333.333333
180, 3.000000, 1.380000, 158.429690, 157.062500, 657.062500, 109.000000, 1107059333.333333
181, 3.016667, 1.380000, 159.809690, 158.445313, 658.445313, 109.000000, 1107049333.333333
182, 3.033333, 1.380000, 161.189690, 159.824219, 659.824219, 109.000000, 1107039333.333333
183, 3.050000, 1.380000, 162.569690, 161.203125, 661.203125, 109.000000, 1107029333.333333
184, 3.066667, 1.380000, 163.949690, 162.582031, 662.582031, 109.000000, 1107019333.333333
185, 3.083333, 1.380000, 165.329690, 163.964844, 663.964844, 109.000000, 1107009333.333333
186, 3.100000, 1.380000, 166.709690, 165.343750, 665.343750, 109.000000, 1106999333.333333
187, 3.116667, 1.380000, 168.089690, 166.722656, 666.722656, 109.000000, 1106989333.333333
188, 3.133333, 1.380000, 169.469690, 168.105469, 668.105469, 109.000000, 1106979333.333333
189, 3.150000, 1.380000, 170.849690, 169.484375, 669.484375, 109.000000, 1106969333.333333
190, 3.166667, 1.380000, 172.229690, 170.863281, 670.863281, 109.000000, 1106959333.333333
191, 3.183333, 1.380000, 173.609690, 172.242188, 672.242188, 109.000000, 1106949333.333333
192, 3.200000, 1.380000, 174.989690, 173.625000, 673.625000, 109.000000, 1106939333.333333
193, 3.216667, 1.380000, 176.369690, 175.003906, 675.003906, 109.000000, 1106929333.333333
194, 3.233333, 1.380000, 177.749690, 176.382813, 676.382813, 109.000000, 1106919333.333333
195, 3.250000, 1.380000, 179.129690, 177.765625, 677.765625, 109.000000, 1106909333.333333
196, 3.266667, 1.380000, 180.509690, 179.144531, 679.144531, 109.000000, 1106899333.333333
197, 3.283333, 1.380000, 181.889690, 180.523438, 680.523438, 109.000000, 1106889333.333333
198, 3.300000, 1.380000, 183.269690, 181.902344, 681.902344, 109.000000, 1106879333.333333
199, 3.316667, 1.380000, 184.649690, 183.285156, 683.285156, 109.000000, 1106869333.333333
200, 3.333333, 1.380000, 186.029690, 184.664063, 684.664063, 109.000000, 1106859333.333333
201, 3.350000, 1.380000, 187.409690, 186.042969, 686.042969, 109.000000, 1106849333.333333
202, 3.366667, 1.380000, 188.789690, 187.425781, 687.425781, 109.000000, 1106839333.333333
203, 3.383333, 1.380000, 190.169690, 188.804688, 688.804688, 109.000000, 1106829333.333333
204, 3.400000, 1.380000, 191.549690, 190.183594, 690.183594, 109.000000, 1106819333.333333
205, 3.416667, 1.380000, 192.929690, 191.562500, 691.562500, 109.000000, 1106809333.333333
206, 3.433333, 1.380000, 194.309690, 192.945313, 692.945313, 109.000000, 1106799333.333333
207, 3.450000, 1.380000, 195.689690, 194.324219, 694.324219, 109.000000, 1106789333.333333
208, 3.466667, 1.380000, 197.069690, 195.703125, 695.703125, 109.000000, 1106779333.333333
209, 3.483333, 1.380000, 198.449690, 197.082031, 697.082031, 109.000000, 1106769333.333333
210, 3.500000, 1.380000, 199.829690, 198.464844, 698.464844, 109.000000, 1106759333.333333
211, 3.516667, 1.380000, 201.209690, 199.843750, 699.843750, 109.000000, 1106749333.333333
212, 3.533333, 1.380000, 202.589690, 201.222656, 701.222656, 109.000000, 1106739333.333333
213, 3.550000, 1.380000, 203.969690, 202.605469, 702.605469, 109.000000, 1106729333.333333
214, 3.566667, 1.380000, 205.349690, 203.984375, 703.984375, 109.000000, 1106719333.333333
215, 3.583333, 1.380000, 206.729690, 205.363281, 705.363281, 109.000000, 1106709333.333333
216, 3.600000, 1.380000, 208.109690, 206.742188, 706.742188, 109.000000, 1106699333.333333
217, 3.616667, 1.380000, 209.489690, 208.125000, 708.125000, 109.000000, 1106689333.333333
218, 3.633333, 1.380000, 210.869690, 209.503906, 709.503906, 109.000000, 1106679333.333333
219, 3.650000, 1.380000, 212.249690, 210.882813, 710.882813, 109.000000, 1106669333.333333
220, 3.666667, 1.380000, 213.629690, 212.265625, 712.265625, 109.000000, 1106659333.333333
221, 3.683333, 1.380000, 215.009690, 213.644531, 713.644531, 109.000000, 1106649333.333333
222, 3.700000, 1.380000, 216.389690, 215.023438, 715.023438, 109.000000, 1106639333.333333
223, 3.716667, 1.380000, 217.769690, 216.402344, 716.402344, 109.000000, 1106629333.333333
224, 3.733333, 1.380000, 219.149690, 217.785156, 717.785156, 109.000000, 1106619333.333333
225, 3.750000, 1.380000, 220.529690, 219.164063, 719.164063, 109.000000, 1106609333.333333
226, 3.766667, 1.380000, 221.909690, 220.542969, 720.542969, 109.000000, 1106599333.333333
227, 3.783333, 1.380000, 223.289690, 221.925781, 721.925781, 109.000000, 1106589333.333333
228, 3.800000, 1.380000, 224.669690, 223.304688, 723.304688, 109.000000, 1106579333.333333
229, 3.816667, 1.380000, 226.049690, 224.683594, 724.683594, 109.000000, 1106569333.333333
230, 3.833333, 1.380000, 227.429690, 226.062500, 726.062500, 109.000000, 1106559333.333333
231, 3.850000, 1.380000, 228.809690, 227.445313, 727.445313, 109.000000, 1106549333.333333
232, 3.866667, 1.380000, 230.189690, 228.824219, 728.824219, 109.000000, 1106539333.333333
233, 3.883333, 1.380000, 231.569690, 230.203125, 730.203125, 109.000000, 1106529333.333333
234, 3.900000, 1.380000, 232.949690, 231.582031, 731.582031, 109.000000, 1106519333.333333
235, 3.916667, 1.380000, 234.329690, 232.964844, 732.964844, 109.000000, 1106509333.333333
236, 3.933333, 1.380000, 235.709690, 234.343750, 734.343750, 109.000000, 1106499333.333333
237, 3.950000, 1.380000, 237.089690, 235.722656, 735.722656, 109.000000, 1106489333.333333
238, 3.966667, 1.380000, 238.469690, 237.105469, 737.105469, 109.000000, 1106479333.333333
239, 3.983333, 1.380000, 239.849690, 238.484375, 738.484375, 109.000000, 1106469333.333333
240, 4.000000, 1.380000, 241.229690, 239.863281, 739.863281, 109.000000, 1106459333.333333
241, 4.016667, 1.380000, 242.609690, 241.242188, 741.242188, 109.000000, 1106449333.333333
242, 4.033333, 1.380000, 243.989690, 242.625000, 742.625000, 109.000000, 1106439333.333333
243, 4.050000, 1.380000, 245.369690, 244.003906, 744.003906, 109.000000, 1106429333.333333
244, 4.066667, 1.380000, 246.749690, 245.382813, 745.382813, 109.000000, 1106419333.333333
245, 4.083333, 1.380000, 248.129690, 246.765625, 746.765625, 109.000000, 1106409333.333333
246, 4.100000, 1.380000, 249.509690, 248.144531, 748.144531, 109.000000, 1106399333.333333
247, 4.116667, 1.380000, 250.889690, 249.523438, 749.523438, 109.000000, 1106389333.333333
248, 4.133333, 1.380000, 252.269690, 250.902344, 750.902344, 109.000000, 1106379333.333333
249, 4.150000, 1.380000, 253.649690, 252.285156, 752.285156, 109.000000, 1106369333.333333
250, 4.166667, 1.380000, 255.029690, 253.664063, 753.664063, 109.000000, 1106359333.333333
251, 4.183333, 1.380000, 256.409690, 255.042969, 755.042969, 109.000000, 1106349333.333333
252, 4.200000, 1.380000, 257.789690, 256.425781, 756.425781, 109.000000, 1106339333.333333
253, 4.216667, 1.380000, 259.169690, 257.804688, 757.804688, 109.000000, 1106329333.333333
254, 4.233333, 1.380000, 260.549690, 259.183594, 759.183594, 109.000000, 1106319333.333333
255, 4.250000, 1.380000, 261.929690, 260.562500, 760.562500, 109.000000, 1106309333.333333
256, 4.266667, 1.380000, 263.309690, 261.945313, 761.945313, 109.000000, 1106299333.333333
257, 4.283333, 1.380000, 264.689690, 263.324219, 763.324219, 109.000000, 1106289333.333333
258, 4.300000, 1.380000, 266.069690, 264.703125, 764.703125, 109.000000, 1106279333.333333
259, 4.316667, 1.380000, 267.449690, 266.082031, 766.082031, 109.000000, 1106269333.333333
260, 4.333333, 1.380000, 268.829690, 267.464844, 767.464844, 109.000000, 1106259333.333333
261, 4.350000, 1.380000, 270.209690, 268.843750, 768.843750, 109.000000, 1106249333.333333
262, 4.366667, 1.380000, 271.589690, 270.222656, 770.222656, 109.000000, 1106239333.333333
263, 4.383333, 1.380000, 272.969690, 271.605469, 771.605469, 109.000000, 1106229333.333333
264, 4.400000, 1.380000, 274.349690, 272.984375, 772.984375, 109.000000, 1106219333.333333
265, 4.416667, 1.380000, 275.729690, 274.363281, 774.363281, 109.000000, 1106209333.333333
266, 4.433333, 1.380000, 277.109690, 275.742188, 775.742188, 109.000000, 1106199333.333333
267, 4.450000, 1.380000, 278.489690, 277.125000, 777.125000, 109.000000, 1106189333.333333
268, 4.466667, 1.380000, 279.869690, 278.503906, 778.503906, 109.000000, 1106179333.333333
269, 4.483333, 1.380000, 281.249690, 279.882813, 779.882813, 109.000000, 1106169333.333333
270, 4.500000, 1.380000, 282.629690, 281.265625, 781.265625, 109.000000, 1106159333.333333
271, 4.516667, 1.380000, 284.009690, 282.644531, 782.644531, 109.000000, 1106149333.333333
272, 4.533333, 1.380000, 285.389690, 284.023438, 784.023438, 109.000000, 1106139333.333333
273, 4.550000, 1.380000, 286.769690, 285.402344, 785.402344, 109.000000, 1106129333.333333
274, 4.566667, 1.380000, 288.149690, 286.785156, 786.785156, 109.000000, 1106119333.333333
275, 4.583333, 1.380000, 289.529690, 288.164063, 788.164063, 109.000000, 1106109333.333333
276, 4.600000, 1.380000, 290.909690, 289.542969, 789.542969, 109.000000, 1106099333.333333
277, 4.616667, 1.380000, 292.289690, 290.925781, 790.925781, 109.000000, 1106089333.333333
278, 4.633333, 1.380000, 293.669690, 292.304688, 792.304688, 109.000000, 1106079333.333333
279, 4.650000, 1.380000, 295.049690, 293.683594, 793.683594, 109.000000, 1106069333.333333
280, 4.666667, 1.380000, 296.429690, 295.062500, 795.062500, 109.000000, 1106059333.333333
281, 4.683333, 1.380000, 297.809690, 296.445313, 796.445313, 109.000000, 1106049333.333333
282, 4.700000, 1.380000, 299.189690, 297.824219, 797.824219, 109.000000, 1106039333.333333
283, 4.716667, 1.380000, 300.569690, 299.203125, 799.203125, 109.000000, 1106029333.333333
284, 4.733333, 1.380000, 301.949690, 300.582031, 800.582031, 109.000000, 1106019333.333333
285, 4.750000, 1.380000, 303.329690, 301.964844, 801.964844, 109.000000, 1106009333.333333
286, 4.766667, 1.380000, 304.709690, 303.343750, 803.343750, 109.000000, 1105999333.333333
287, 4.783333, 1.380000, 306.089690, 304.722656, 804.722656, 109.000000, 1105989333.333333
288, 4.800000, 1.380000, 307.469690, 306.105469, 806.105469, 109.000000, 1105979333.333333
289, 4.816667, 1.380000, 308.849690, 307.484375, 807.484375, 109.000000, 1105969333.333333
290, 4.833333, 1.380000, 310.229690, 308.863281, 808.863281, 109.000000, 1105959333.333333
291, 4.850000, 1.380000, 311.609690, 310.242188, 810.242188, 109.000000, 1105949333.333333
292, 4.866667, 1.380000, 312.989690, 311.625000, 811.625000, 109.000000, 1105939333.333333
293, 4.883333, 1.380000, 314.369690, 313.003906, 813.003906, 109.000000, 1105929333.333333
294, 4.900000, 1.380000, 315.749690, 314.382813, 814.382813, 109.000000, 1105919333.333333
295, 4.916667, 1.380000, 317.129690, 315.765625, 815.765625, 109.000000, 1105909333.333333
296, 4.933333, 1.380000, 318.509690, 317.144531, 817.144531, 109.000000, 1105899333.333333
297, 4.950000, 1.380000, 319.889690, 318.523438, 818.523438, 109.000000, 1105889333.333333
298, 4.966667, 1.380000, 321.269690, 319.902344, 819.902344, 109.000000, 1105879333.333333
299, 4.983333, 1.380000, 322.649690, 321.285156, 821.285156, 109.000000, 1105869333.333333
300, 5.000000, 1.380000, 324.029690, 322.664063, 822.664063, 109.000000, 1105859333.333333
301, 5.016667, 1.380000, 325.409690, 324.042969, 824.042969, 109.000000, 1105849333.333333
302, 5.033333, 1.380000, 326.789690, 325.425781, 825.425781, 109.000000, 1105839333.333333
303, 5.050000, 1.380000, 328.169690, 326.804688, 826.804688, 109.000000, 1105829333.333333
304, 5.066667, 1.380000, 329.549690, 328.183594, 828.183594, 109.000000, 1105819333.333333
305, 5.083333, 1.380000, 330.929690, 329.562500, 829.562500, 109.000000, 1105809333.333333
306, 5.100000, 1.380000, 332.309690, 330.945313, 830.945313, 109.000000, 1105799333.333333
307, 5.116667, 1.380000, 333.689690, 332.324219, 832.324219, 109.000000, 1105789333.333333
308, 5.133333, 1.380000, 335.069690, 333.703125, 833.703125, 109.000000, 1105779333.333333
309, 5.150000, 1.380000, 336.449690, 335.082031, 835.082031, 109.000000, 1105769333.333333
310, 5.166667, 1.380000, 337.829690, 336.464844, 836.464844, 109.000000, 1105759333.333333
311, 5.183333, 1.380000, 339.209690, 337.843750, 837.843750, 109.000000, 1105749333.333333
312, 5.200000, 1.380000, 340.589690, 339.222656, 839.222656, 109.000000, 1105739333.333333
313, 5.216667, 1.380000, 341.969690, 340.605469, 840.605469, 109.000000, 1105729333.333333
314, 5.233333, 1.380000, 343.349690, 341.984375, 841.984375, 109.000000, 1105719333.333333
315, 5.250000, 1.380000, 344.729690, 343.363281, 843.363281, 109.000000, 1105709333.333333
316, 5.266667, 1.380000, 346.109690, 344.742188, 844.742188, 109.000000, 1105699333.333333
317, 5.283333, 1.380000, 347.489690, 346.125000, 846.125000, 109.000000, 1105689333.333333
318, 5.300000, 1.380000, 348.869690, 347.503906, 847.503906, 109.000000, 1105679333.333333
319, 5.316667, 1.380000, 350.249690, 348.882813, 848.882813, 109.000000, 1105669333.333333
320, 5.333333, 1.380000, 351.629690, 350.265625, 850.265625, 109.000000, 1105659333.333333
321, 5.350000, 1.380000, 353.009690, 351.644531, 851.644531, 109.000000, 1105649333.333333
322, 5.366667, 1.380000, 354.389690, 353.023438, 853.023438, 109.000000, 1105639333.333333
323, 5.383333, 1.380000, 355.769690, 354.402344, 854.402344, 109.000000, 1105629333.333333
324, 5.400000, 1.380000, 357.149690, 355.785156, 855.785156, 109.000000, 1105619333.333333
325, 5.416667, 1.380000, 358.529690, 357.164063, 857.164063, 109.000000, 1105609333.333333
326, 5.433333, 1.380000, 359.909690, 358.542969, 858.542969, 109.000000, 1105599333.333333
327, 5.450000, 1.380000, 361.289690, 359.925781, 859.925781, 109.000000, 1105589333.333333
328, 5.466667, 1.380000, 362.669690, 361.304688, 861.304688, 109.000000, 1105579333.333333
329, 5.483333, 1.380000, 364.049690, 362.683594, 862.683594, 109.000000, 1105569333.333333
330, 5.500000, 1.380000, 365.429690, 364.062500, 864.062500, 109.000000, 1105559333.333333
331, 5.516667, 1.380000, 366.809690, 365.445313, 865.445313, 109.000000, 1105549333.333333
332, 5.533333, 1.380000, 368.189690, 366.824219, 866.824219, 109.000000, 1105539333.333333
333, 5.550000, 1.380000, 369.569690, 368.203125, 868.203125, 109.000000, 1105529333.333333
334, 5.566667, 1.380000, 370.949690, 369.582031, 869.582031, 109.000000, 1105519333.333333
335, 5.583333, 1.380000, 372.329690, 370.964844, 870.964844, 109.000000, 1105509333.333333
336, 5.600000, 1.380000, 373.709690, 372.343750, 872.343750, 109.000000, 1105499333.333333
337, 5.616667, 1.380000, 375.089690, 373.722656, 873.722656, 109.000000, 1105489333.333333
338, 5.633333, 1.380000, 376.469690, 375.105469, 875.105469, 109.000000, 1105479333.333333
339, 5.650000, 1.380000, 377.849690, 376.484375, 876.484375, 109.000000, 1105469333.333333
340, 5.666667, 1.380000, 379.229690, 377.863281, 877.863281, 109.000000, 1105459333.333333
341, 5.683333, 1.380000, 380.609690, 379.242188, 879.242188, 109.000000, 1105449333.333333
342, 5.700000, 1.380000, 381.989690, 380.625000, 880.625000, 109.000000, 1105439333.333333
343, 5.716667, 1.380000, 383.369690, 382.003906, 882.003906, 109.000000, 1105429333.333333
344, 5.733333, 1.380000, 384.749690, 383.382813, 883.382813, 109.000000, 1105419333.333333
345, 5.750000, 1.380000, 386.129690, 384.765625, 884.765625, 109.000000, 1105409333.333333
346, 5.766667, 1.380000, 387.509690, 386.144531, 886.144531, 109.000000, 1105399333.333333
347, 5.783333, 1.380000, 388.889690, 387.523438, 887.523438, 109.000000, 1105389333.333333
348, 5.800000, 1.380000, 390.269690, 388.902344, 888.902344, 109.000000, 1105379333.333333
349, 5.816667, 1.380000, 391.649690, 390.285156, 890.285156, 109.000000, 1105369333.333333
350, 5.833333, 1.380000, 393.029690, 391.664063, 891.664063, 109.000000, 1105359333.333333
351, 5.850000, 1.380000, 394.409690, 393.042969, 893.042969, 109.000000, 1105349333.333333
352, 5.866667, 1.380000, 395.789690, 394.425781, 894.425781, 109.000000, 1105339333.333333
353, 5.883333, 1.380000, 397.169690, 395.804688, 895.804688, 109.000000, 1105329333.333333
354, 5.900000, 1.380000, 398.549690, 397.183594, 897.183594, 109.000000, 1105319333.333333
355, 5.916667, 1.380000, 399.929690, 398.562500, 898.562500, 109.000000, 1105309333.333333
356, 5.933333, 1.380000, 401.309690, 399.945313, 899.945313, 109.000000, 1105299333.333333
357, 5.950000, 1.380000, 402.689690, 401.324219, 901.324219, 109.000000, 1105289333.333333
358, 5.966667, 1.380000, 404.069690, 402.703125, 902.703125, 109.000000, 1105279333.333333
359, 5.983333, 1.380000, 405.449690, 404.082031, 904.082031, 109.000000, 1105269333.333333
360, 6.000000, 1.380000, 406.829690, 405.464844, 905.464844, 109.000000, 1105259333.333333
361, 6.016667, 1.380000, 408.209690, 406.843750, 906.843750, 109.000000, 1105249333.333333
362, 6.033333, 1.380000, 409.589690, 408.222656, 908.222656, 109.000000, 1105239333.333333
363, 6.050000, 1.380000, 410.969690, 409.605469, 909.605469, 109.000000, 1105229333.333333
364, 6.066667, 1.380000, 412.349690, 410.984375, 910.984375, 109.000000, 1105219333.333333
365, 6.083333, 1.380000, 413.729690, 412.363281, 912.363281, 109.000000, 1105209333.333333
366, 6.100000, 1.380000, 415.109690, 413.742188, 913.742188, 109.000000, 1105199333.333333
367, 6.116667, 1.380000, 416.489690, 415.125000, 915.125000, 109.000000, 1105189333.333333
368, 6.133333, 1.380000, 417.869690, 416.503906, 916.503906, 109.000000, 1105179333.333333
369, 6.150000, 1.380000, 419.249690, 417.882813, 917.882813, 109.000000, 1105169333.333333
370, 6.166667, 1.380000, 420.629690, 419.265625, 919.265625, 109.000000, 1105159333.333333
371, 6.183333, 1.380000, 422.009690, 420.644531, 920.644531, 109.000000, 1105149333.333333
372, 6.200000, 1.380000, 423.389690, 422.023438, 922.023438, 109.000000, 1105139333.333333
373, 6.216667, 1.380000, 424.769690, 423.402344, 923.402344, 109.000000, 1105129333.333333
374, 6.233333, 1.380000, 426.149690, 424.785156, 924.785156, 109.000000, 1105119333.333333
375, 6.250000, 1.380000, 427.529690, 426.164063, 926.164063, 109.000000, 1105109333.333333
376, 6.266667, 1.380000, 428.909690, 427.542969, 927.542969, 109.000000, 1105099333.333333
377, 6.283333, 1.380000, 430.289690, 428.925781, 928.925781, 109.000000, 1105089333.333333
378, 6.300000, 1.380000, 431.669690, 430.304688, 930.304688, 109.000000, 1105079333.333333
379, 6.316667, 1.380000, 433.049690, 431.683594, 931.683594, 109.000000, 1105069333.333333
380, 6.333333, 1.380000, 434.429690, 433.062500, 933.062500, 109.000000, 1105059333.333333
381, 6.350000, 1.380000, 435.809690, 434.445313, 934.445313, 109.000000, 1105049333.333333
382, 6.366667, 1.380000, 437.189690, 435.824219, 935.824219, 109.000000, 1105039333.333333
383, 6.383333, 1.380000, 438.569690, 437.203125, 937.203125, 109.000000, 1105029333.333333
384, 6.400000, 1.380000, 439.949690, 438.582031, 938.582031, 109.000000, 1105019333.333333
385, 6.416667, 1.380000, 441.329690, 439.964844, 939.964844, 109.000000, 1105009333.333333
386, 6.433333, 1.380000, 442.709690, 441.343750, 941.343750, 109.000000, 1104999333.333333
387, 6.450000, 1.380000, 444.089690, 442.722656, 942.722656, 109.000000, 1104989333.333333
388, 6.466667, 1.380000, 445.469690, 444.105469, 944.105469, 109.000000, 1104979333.333333
389, 6.483333, 1.380000, 446.849690, 445.484375, 945.484375, 109.000000, 1104969333.333333
390, 6.500000, 1.380000, 448.229690, 446.863281, 946.863281, 109.000000, 1104959333.333333
391, 6.516667, 1.380000, 449.609690, 448.242188, 948.242188, 109.000000, 1104949333.333333
392, 6.533333, 1.380000, 450.989690, 449.625000, 949.625000, 109.000000, 1104939333.333333
393, 6.550000, 1.380000, 452.369690, 451.003906, 951.003906, 109.000000, 1104929333.333333
394, 6.566667, 1.380000, 453.749690, 452.382813, 952.382813, 109.000000, 1104919333.333333
395, 6.583333, 1.380000, 455.129690, 453.765625, 953.765625, 109.000000, 1104909333.333333
396, 6.600000, 1.380000, 456.509690, 455.144531, 955.144531, 109.000000, 1104899333.333333
397, 6.616667, 1.380000, 457.889690, 456.523438, 956.523438, 109.000000, 1104889333.333333
398, 6.633333, 1.380000, 459.269690, 457.902344, 957.902344, 109.000000, 1104879333.333333
399, 6.650000, 1.380000, 460.649690, 459.285156, 959.285156, 109.000000, 1104869333.333333
400, 6.666667, 1.380000, 462.029690, 460.664063, 960.664063, 109.000000, 1104859333.333333
401, 6.683333, 1.380000, 463.409690, 462.042969, 962.042969, 109.000000, 1104849333.333333
402, 6.700000, 1.380000, 464.789690, 463.425781, 963.425781, 109.000000, 1104839333.333333
403, 6.716667, 1.380000, 466.169690, 464.804688, 964.804688, 109.000000, 1104829333.333333
404, 6.733333, 1.380000, 467.549690, 466.183594, 966.183594, 109.000000, 1104819333.333333
405, 6.750000, 1.380000, 468.929690, 467.562500, 967.562500, 109.000000, 1104809333.333333
406, 6.766667, 1.380000, 470.309690, 468.945313, 968.945313, 109.000000, 1104799333.333333
407, 6.783333, 1.380000, 471.689690, 470.324219, 970.324219, 109.000000, 1104789333.333333
408, 6.800000, 1.380000, 473.069690, 471.703125, 971.703125, 109.000000, 1104779333.333333
409, 6.816667, 1.380000, 474.449690, 473.082031, 973.082031, 109.000000, 1104769333.333333
410, 6.833333, 1.380000, 475.829690, 474.464844, 974.464844, 109.000000, 1104759333.333333
411, 6.850000, 1.380000, 477.209690, 475.843750, 975.843750, 109.000000, 1104749333.333333
412, 6.866667, 1.380000, 478.589690, 477.222656, 977.222656, 109.000000, 1104739333.333333
413, 6.883333, 1.380000, 479.969690, 478.605469, 978.605469, 109.000000, 1104729333.333333
414, 6.900000, 1.380000, 481.349690, 479.984375, 979.984375, 109.000000, 1104719333.333333
415, 6.916667, 1.380000, 482.729690, 481.363281, 981.363281, 109.000000, 1104709333.333333
416, 6.933333, 1.380000, 484.109690, 482.742188, 982.742188, 109.000000, 1104699333.333333
417, 6.950000, 1.380000, 485.489690, 484.125000, 984.125000, 109.000000, 1104689333.333333
418, 6.966667, 1.380000, 486.869690, 485.503906, 985.503906, 109.000000, 1104679333.333333
419, 6.983333, 1.380000, 488.249690, 486.882813, 986.882813, 109.000000, 1104669333.333333
420, 7.000000, 1.380000, 489.629690, 488.265625, 988.265625, 109.000000, 1104659333.333333
421, 7.016667, 1.380000, 491.009690, 489.644531, 989.644531, 109.000000, 1104649333.333333
422, 7.033333, 1.380000, 492.389690, 491.023438, 991.023438, 109.000000, 1104639333.333333
423, 7.050000, 1.380000, 493.769690, 492.402344, 992.402344, 109.000000, 1104629333.333333
424, 7.066667, 1.380000, 495.149690, 493.785156, 993.785156, 109.000000, 1104619333.333333
425, 7.083333, 1.380000, 496.529690, 495.164063, 995.164063, 109.000000, 1104609333.333333
426, 7.100000, 1.380000, 497.909690, 496.542969, 996.542969, 109.000000, 1104599333.333333
427, 7.116667, 1.380000, 499.289690, 497.925781, 997.925781, 109.000000, 1104589333.333333
428, 7.133333, 1.380000, 500.669690, 499.304688, 999.304688, 109.000000, 1104579333.333333
429, 7.150000, 1.380000, 502.049690, 500.683594, 1000.683594, 109.000000, 1104569333.333333
430, 7.166667, 1.380000, 503.429690, 502.062500, 1002.062500, 109.000000, 1104559333.333333
431, 7.183333, 1.380000, 504.809690, 503.445313, 1003.445313, 109.000000, 1104549333.333333
432, 7.200000, 1.380000, 506.189690, 504.824219, 1004.824219, 109.000000, 1104539333.333333
433, 7.216667, 1.380000, 507.569690, 506.203125, 1006.203125, 109.000000, 1104529333.333333
434, 7.233333, 1.380000, 508.949690, 507.582031, 1007.582031, 109.000000, 1104519333.333333
435, 7.250000, 1.380000, 510.329690, 508.964844, 1008.964844, 109.000000, 1104509333.333333
436, 7.266667, 1.380000, 511.709690, 510.343750, 1010.343750, 109.000000, 1104499333.333333
437, 7.283333, 1.380000, 513.089690, 511.722656, 1011.722656, 109.000000, 1104489333.333333
438, 7.300000, 1.380000, 514.469690, 513.105469, 1013.105469, 109.000000, 1104479333.333333
439, 7.316667, 1.380000, 515.849690, 514.484375, 1014.484375, 109.000000, 1104469333.333333
440, 7.333333, 1.380000, 517.229690, 515.863281, 1015.863281, 109.000000, 1104459333.333333
441, 7.350000, 1.380000, 518.609690, 517.242188, 1017.242188, 109.000000, 1104449333.333333
442, 7.366667, 1.380000, 519.989690, 518.625000, 1018.625000, 109.000000, 1104439333.333333
443, 7.383333, 1.380000, 521.369690, 520.003906, 1020.003906, 109.000000, 1104429333.333333
444, 7.400000, 1.380000, 522.749690, 521.382813, 1021.382813, 109.000000, 1104419333.333333
445, 7.416667, 1.380000, 524.129690, 522.765625, 1022.765625, 109.000000, 1104409333.333333
446, 7.433333, 1.380000, 525.509690, 524.144531, 1024.144531, 109.000000, 1104399333.333333
447, 7.450000, 1.380000, 526.889690, 525.523438, 1025.523438, 109.000000, 1104389333.333333
448, 7.466667, 1.380000, 528.269690, 526.902344, 1026.902344, 109.000000, 1104379333.333333
449, 7.483333, 1.380000, 529.649690, 528.285156, 1028.285156, 109.000000, 1104369333.333333
450, 7.500000, 1.380000, 531.029690, 529.664063, 1029.664063, 109.000000, 1104359333.333333
451, 7.516667, 1.380000, 532.409690, 531.042969, 1031.042969, 109.000000, 1104349333.333333
452, 7.533333, 1.380000, 533.789690, 532.425781, 1032.425781, 109.000000, 1104339333.333333
453, 7.550000, 1.380000, 535.169690, 533.804688, 1033.804688, 109.000000, 1104329333.333333
454, 7.566667, 1.380000, 536.549690, 535.183594, 1035.183594, 109.000000, 1104319333.333333
455, 7.583333, 1.380000, 537.929690, 536.562500, 1036.562500, 109.000000, 1104309333.333333
456, 7.600000, 1.380000, 539.309690, 537.945313, 1037.945313, 109.000000, 1104299333.333333
457, 7.616667, 1.380000, 540.689690, 539.324219, 1039.324219, 109.000000, 1104289333.333333
458, 7.633333, 1.380000, 542.069690, 540.703125, 1040.703125, 109.000000, 1104279333.333333
459, 7.650000, 1.380000, 543.449690, 542.082031, 1042.082031, 109.000000, 1104269333.333333
460, 7.666667, 1.380000, 544.829690, 543.464844, 1043.464844, 109.000000, 1104259333.333333
461, 7.683333, 1.380000, 546.209690, 544.843750, 1044.843750, 109.000000, 1104249333.333333
462, 7.700000, 1.380000, 547.589690, 546.222656, 1046.222656, 109.000000, 1104239333.333333
463, 7.716667, 1.380000, 548.969690, 547.605469, 1047.605469, 109.000000, 1104229333.333333
464, 7.733333, 1.380000, 550.349690, 548.984375, 1048.984375, 109.000000, 1104219333.333333
465, 7.750000, 1.380000, 551.729690, 550.363281, 1050.363281, 109.000000, 1104209333.333333
466, 7.766667, 1.380000, 553.109690, 551.742188, 1051.742188, 109.000000, 1104199333.333333
467, 7.783333, 1.380000, 554.489690, 553.125000, 1053.125000, 109.000000, 1104189333.333333
468, 7.800000, 1.380000, 555.869690, 554.503906, 1054.503906, 109.000000, 1104179333.333333
469, 7.816667, 1.380000, 557.249690, 555.882813, 1055.882813, 109.000000, 1104169333.333333
470, 7.833333, 1.380000, 558.629690, 557.265625, 1057.265625, 109.000000, 1104159333.333333
471, 7.850000, 1.380000, 560.009690, 558.644531, 1058.644531, 109.000000, 1104149333.333333
472, 7.866667, 1.380000, 561.389690, 560.023438, 1060.023438, 109.000000, 1104139333.333333
473, 7.883333, 1.380000, 562.769690, 561.402344, 1061.402344, 109.000000, 1104129333.333333
474, 7.900000, 1.380000, 564.149690, 562.785156, 1062.785156, 109.000000, 1104119333.333333
475, 7.916667, 1.380000, 565.529690, 564.164063, 1064.164063, 109.000000, 1104109333.333333
476, 7.933333, 1.380000, 566.909690, 565.542969, 1065.542969, 109.000000, 1104099333.333333
477, 7.950000, 1.380000, 568.289690, 566.925781, 1066.925781, 109.000000, 1104089333.333333
478, 7.966667, 1.380000, 569.669690, 568.304688, 1068.304688, 109.000000, 1104079333.333333
479, 7.983333, 1.380000, 571.049690, 569.683594, 1069.683594, 109.000000, 1104069333.333333
480, 8.000000, 1.380000, 572.429690, 571.062500, 1071.062500, 109.000000, 1104059333.333333
481, 8.016667, 1.380000, 573.809690, 572.445313, 1072.445313, 109.000000, 1104049333.333333
482, 8.033333, 1.380000, 575.189690, 573.824219, 1073.824219, 109.000000, 1104039333.333333
483, 8.050000, 1.380000, 576.569690, 575.203125, 1075.203125, 109.000000, 1104029333.333333
484, 8.066667, 1.380000, 577.949690, 576.582031, 1076.582031, 109.000000, 1104019333.333333
485, 8.083333, 1.380000, 579.329690, 577.964844, 1077.964844, 109.000000, 1104009333.333333
486, 8.100000, 1.380000, 580.709690, 579.343750, 1079.343750, 109.000000, 1103999333.333333
487, 8.116667, 1.380000, 582.089690, 580.722656, 1080.722656, 109.000000, 1103989333.333333
488, 8.133333, 1.380000, 583.469690, 582.105469, 1082.105469, 109.000000, 1103979333.333333
489, 8.150000, 1.380000, 584.849690, 583.484375, 1083.484375, 109.000000, 1103969333.333333
490, 8.166667, 1.380000, 586.229690, 584.863281, 1084.863281, 109.000000, 1103959333.333333
491, 8.183333, 1.380000, 587.609690, 586.242188, 1086.242188, 109.000000, 1103949333.333333
492, 8.200000, 1.380000, 588.989690, 587.625000, 1087.625000, 109.000000, 1103939333.333333
493, 8.216667, 1.380000, 590.369690, 589.003906, 1089.003906, 109.000000, 1103929333.333333
494, 8.233333, 1.380000, 591.749690, 590.382813, 1090.382813, 109.000000, 1103919333.333333
495, 8.250000, 1.380000, 593.129690, 591.765625, 1091.765625, 109.000000, 1103909333.333333
496, 8.266667, 1.380000, 594.509690, 593.144531, 1093.144531, 109.000000, 1103899333.333333
497, 8.283333, 1.380000, 595.889690, 594.523438, 1094.523438, 109.000000, 1103889333.333333
498, 8.300000, 1.380000, 597.269690, 595.902344, 1095.902344, 109.000000, 1103879333.333333
499, 8.316667, 1.380000, 598.649690, 597.285156, 1097.285156, 109.000000, 1103869333.333333
500, 8.333333, 1.380000, 600.029690, 598.664063, 1098.664063, 109.000000, 1103859333.333333
501, 8.350000, 1.380000, 601.409690, 600.042969, 1100.042969, 109.000000, 1103849333.333333
502, 8.366667, 1.380000, 602.789690, 601.425781, 1101.425781, 109.000000, 1103839333.333333
503, 8.383333, 1.380000, 604.169690, 602.804688, 1102.804688, 109.000000, 1103829333.333333
504, 8.400000, 1.380000, 605.549690, 604.183594, 1104.183594, 109.000000, 1103819333.333333
505, 8.416667, 1.380000, 606.929690, 605.562500, 1105.562500, 109.000000, 1103809333.333333
506, 8.433333, 1.380000, 608.309690, 606.945313, 1106.945313, 109.000000, 1103799333.333333
507, 8.450000, 1.380000, 609.689690, 608.324219, 1108.324219, 109.000000, 1103789333.333333
508, 8.466667, 1.380000, 611.069690, 609.703125, 1109.703125, 109.000000, 1103779333.333333
509, 8.483333, 1.380000, 612.449690, 611.082031, 1111.082031, 109.000000, 1103769333.333333
510, 8.500000, 1.380000, 613.829690, 612.464844, 1112.464844, 109.000000, 1103759333.333333
511, 8.516667, 1.380000, 615.209690, 613.843750, 1113.843750, 109.000000, 1103749333.333333
512, 8.533333, 1.380000, 616.589690, 615.222656, 1115.222656, 109.000000, 1103739333.333333
513, 8.550000, 1.380000, 617.969690, 616.605469, 1116.605469, 109.000000, 1103729333.333333
514, 8.566667, 1.380000, 619.349690, 617.984375, 1117.984375, 109.000000, 1103719333.333333
515, 8.583333, 1.380000, 620.729690, 619.363281, 1119.363281, 109.000000, 1103709333.333333
516, 8.600000, 1.380000, 622.109690, 620.742188, 1120.742188, 109.000000, 1103699333.333333
517, 8.616667, 1.380000, 623.489690, 622.125000, 1122.125000, 109.000000, 1103689333.333333
518, 8.633333, 1.380000, 624.869690, 623.503906, 1123.503906, 109.000000, 1103679333.333333
519, 8.650000, 1.380000, 626.249690, 624.882813, 1124.882813, 109.000000, 1103669333.333333
520, 8.666667, 1.380000, 627.629690, 626.265625, 1126.265625, 109.000000, 1103659333.333333
521, 8.683333, 1.380000, 629.009690, 627.644531, 1127.644531, 109.000000, 1103649333.333333
522, 8.700000, 1.380000, 630.389690, 629.023438, 1129.023438, 109.000000, 1103639333.333333
523, 8.716667, 1.380000, 631.769690, 630.402344, 1130.402344, 109.000000, 1103629333.333333
524, 8.733333, 1.380000, 633.149690, 631.785156, 1131.785156, 109.000000, 1103619333.333333
525, 8.750000, 1.380000, 634.529690, 633.164063, 1133.164063, 109.000000, 1103609333.333333
526, 8.766667, 1.380000, 635.909690, 634.542969, 1134.542969, 109.000000, 1103599333.333333
527, 8.783333, 1.380000, 637.289690, 635.925781, 1135.925781, 109.000000, 1103589333.333333
528, 8.800000, 1.380000, 638.669690, 637.304688, 1137.304688, 109.000000, 1103579333.333333
529, 8.816667, 1.380000, 640.049690, 638.683594, 1138.683594, 109.000000, 1103569333.333333
530, 8.833333, 1.380000, 641.429690, 640.062500, 1140.062500, 109.000000, 1103559333.333333
531, 8.850000, 1.380000, 642.809690, 641.445313, 1141.445313, 109.000000, 1103549333.333333
532, 8.866667, 1.380000, 644.189690, 642.824219, 1142.824219, 109.000000, 1103539333.333333
533, 8.883333, 1.380000, 645.569690, 644.203125, 1144.203125, 109.000000, 1103529333.333333
534, 8.900000, 1.380000, 646.949690, 645.582031, 1145.582031, 109.000000, 1103519333.333333
535, 8.916667, 1.380000, 648.329690, 646.964844, 1146.964844, 109.000000, 1103509333.333333
536, 8.933333, 1.380000, 649.709690, 648.343750, 1148.343750, 109.000000, 1103499333.333333
537, 8.950000, 1.380000, 651.089690, 649.722656, 1149.722656, 109.000000, 1103489333.333333
538, 8.966667, 1.380000, 652.469690, 651.105469, 1151.105469, 109.000000, 1103479333.333333
539, 8.983333, 1.380000, 653.849690, 652.484375, 1152.484375, 109.000000, 1103469333.333333
540, 9.000000, 1.380000, 655.229690, 653.863281, 1153.863281, 109.000000, 1103459333.333333
541, 9.016667, 1.380000, 656.609690, 655.242188, 1155.242188, 109.000000, 1103449333.333333
542, 9.033333, 1.380000, 657.989690, 656.625000, 1156.625000, 109.000000, 1103439333.333333
543, 9.050000, 1.380000, 659.369690, 658.003906, 1158.003906, 109.000000, 1103429333.333333
544, 9.066667, 1.380000, 660.749690, 659.382813, 1159.382813, 109.000000, 1103419333.333333
545, 9.083333, 1.380000, 662.129690, 660.765625, 1160.765625, 109.000000, 1103409333.333333
546, 9.100000, 1.380000, 663.509690, 662.144531, 1162.144531, 109.000000, 1103399333.333333
547, 9.116667, 1.380000, 664.889690, 663.523438, 1163.523438, 109.000000, 1103389333.333333
548, 9.133333, 1.380000, 666.269690, 664.902344, 1164.902344, 109.000000, 1103379333.333333
549, 9.150000, 1.380000, 667.649690, 666.285156, 1166.285156, 109.000000, 1103369333.333333
550, 9.166667, 1.380000, 669.029690, 667.664063, 1167.664063, 109.000000, 1103359333.333333
551, 9.183333, 1.380000, 670.409690, 669.042969, 1169.042969, 109.000000, 1103349333.333333
552, 9.200000, 1.380000, 671.789690, 670.425781, 1170.425781, 109.000000, 1103339333.333333
553, 9.216667, 1.380000, 673.169690, 671.804688, 1171.804688, 109.000000, 1103329333.333333
554, 9.233333, 1.380000, 674.549690, 673.183594, 1173.183594, 109.000000, 1103319333.333333
555, 9.250000, 1.380000, 675.929690, 674.562500, 1174.562500, 109.000000, 1103309333.333333
556, 9.266667, 1.380000, 677.309690, 675.945313, 1175.945313, 109.000000, 1103299333.333333
557, 9.283333, 1.380000, 678.689690, 677.324219, 1177.324219, 109.000000, 1103289333.333333
558, 9.300000, 1.380000, 680.069690, 678.703125, 1178.703125, 109.000000, 1103279333.333333
559, 9.316667, 1.380000, 681.449690, 680.082031, 1180.082031, 109.000000, 1103269333.333333
560, 9.333333, 1.380000, 682.829690, 681.464844, 1181.464844, 109.000000, 1103259333.333333
561, 9.350000, 1.380000, 684.209690, 682.843750, 1182.843750, 109.000000, 1103249333.333333
562, 9.366667, 1.380000, 685.589690, 684.222656, 1184.222656, 109.000000, 1103239333.333333
563, 9.383333, 1.380000, 686.969690, 685.605469, 1185.605469, 109.000000, 1103229333.333333
564, 9.400000, 1.380000, 688.349690, 686.984375, 1186.984375, 109.000000, 1103219333.333333
565, 9.416667, 1.380000, 689.729690, 688.363281, 1188.363281, 109.000000, 1103209333.333333
566, 9.433333, 1.380000, 691.109690, 689.742188, 1189.742188, 109.000000, 1103199333.333333
567, 9.450000, 1.380000, 692.489690, 691.125000, 1191.125000, 109.000000, 1103189333.333333
568, 9.466667, 1.380000, 693.869690, 692.503906, 1192.503906, 109.000000, 1103179333.333333
569, 9.483333, 1.380000, 695.249690, 693.882813, 1193.882813, 109.000000, 1103169333.333333
570, 9.500000, 1.380000, 696.629690, 695.265625, 1195.265625, 109.000000, 1103159333.333333
571, 9.516667, 1.380000, 698.009690, 696.644531, 1196.644531, 109.000000, 1103149333.333333
572, 9.533333, 1.380000, 699.389690, 698.023438, 1198.023438, 109.000000, 1103139333.333333
573, 9.550000, 1.380000, 700.769690, 699.402344, 1199.402344, 109.000000, 1103129333.333333
574, 9.566667, 1.380000, 702.149690, 700.785156, 1200.785156, 109.000000, 1103119333.333333
575, 9.583333, 1.380000, 703.529690, 702.164063, 1202.164063, 109.000000, 1103109333.333333
576, 9.600000, 1.380000, 704.909690, 703.542969, 1203.542969, 109.000000, 1103099333.333333
577, 9.616667, 1.380000, 706.289690, 704.925781, 1204.925781, 109.000000, 1103089333.333333
578, 9.633333, 1.380000, 707.669690, 706.304688, 1206.304688, 109.000000, 1103079333.333333
579, 9.650000, 1.380000, 709.049690, 707.683594, 1207.683594, 109.000000, 1103069333.333333
580, 9.666667, 1.380000, 710.429690, 709.062500, 1209.062500, 109.000000, 1103059333.333333
581, 9.683333, 1.380000, 711.809690, 710.445313, 1210.445313, 109.000000, 1103049333.333333
582, 9.700000, 1.380000, 713.189690, 711.824219, 1211.824219, 109.000000, 1103039333.333333
583, 9.716667, 1.380000, 714.569690, 713.203125, 1213.203125, 109.000000, 1103029333.333333
584, 9.733333, 1.380000, 715.949690, 714.582031, 1214.582031, 109.000000, 1103019333.333333
585, 9.750000, 1.380000, 717.329690, 715.964844, 1215.964844, 109.000000, 1103009333.333333
586, 9.766667, 1.380000, 718.709690, 717.343750, 1217.343750, 109.000000, 1102999333.333333
587, 9.783333, 1.380000, 720.089690, 718.722656, 1218.722656, 109.000000, 1102989333.333333
588, 9.800000, 1.380000, 721.469690, 720.105469, 1220.105469, 109.000000, 1102979333.333333
589, 9.816667, 1.380000, 722.849690, 721.484375, 1221.484375, 109.000000, 1102969333.333333
590, 9.833333, 1.380000, 724.229690, 722.863281, 1222.863281, 109.000000, 1102959333.333333
591, 9.850000, 1.380000, 725.609690, 724.242188, 1224.242188, 109.000000, 1102949333.333333
592, 9.866667, 1.380000, 726.989690, 725.625000, 1225.625000, 109.000000, 1102939333.333333
593, 9.883333, 1.380000, 728.369690, 727.003906, 1227.003906, 109.000000, 1102929333.333333
594, 9.900000, 1.380000, 729.749690, 728.382813, 1228.382813, 109.000000, 1102919333.333333
595, 9.916667, 1.380000, 731.129690, 729.765625, 1229.765625, 109.000000, 1102909333.333333
596, 9.933333, 1.380000, 732.509690, 731.144531, 1231.144531, 109.000000, 1102899333.333333
597, 9.950000, 1.380000, 733.889690, 732.523438, 1232.523438, 109.000000, 1102889333.333333
598, 9.966667, 1.380000, 735.269690, 733.902344, 1233.902344, 109.000000, 1102879333.333333
599, 9.983333, 1.380000, 736.649690, 735.285156, 1235.285156, 109.000000, 1102869333.333333
600, 10.000000, 1.380000, 738.029690, 736.664063, 1236.664063, 109.000000, 1102859333.333333
601, 10.016667, 1.380000, 739.409690, 738.042969, 1238.042969, 109.000000, 1102849333.333333
602, 10.033333, 1.380000, 740.789690, 739.425781, 1239.425781, 109.000000, 1102839333.333333
603, 10.050000, 1.380000, 742.169690, 740.804688, 1240.804688, 109.000000, 1102829333.333333
604, 10.066667, 1.380000, 743.549690, 742.183594, 1242.183594, 109.000000, 1102819333.333333
605, 10.083333, 1.380000, 744.929690, 743.562500, 1243.562500, 109.000000, 1102809333.333333
606, 10.100000, 1.380000, 746.309690, 744.945313, 1244.945313, 109.000000, 1102799333.333333
607, 10.116667, 1.380000, 747.689690, 746.324219, 1246.324219, 109.000000, 1102789333.333333
608, 10.133333, 1.380000, 749.069690, 747.703125, 1247.703125, 109.000000, 1102779333.333333
609, 10.150000, 1.380000, 750.449690, 749.082031, 1249.082031, 109.000000, 1102769333.333333
610, 10.166667, 1.380000, 751.829690, 750.464844, 1250.464844, 109.000000, 1102759333.333333
611, 10.183333, 1.380000, 753.209690, 751.843750, 1251.843750, 109.000000, 1102749333.333333
612, 10.200000, 1.380000, 754.589690, 753.222656, 1253.222656, 109.000000, 1102739333.333333
613, 10.216667, 1.380000, 755.969690, 754.605469, 1254.605469, 109.000000, 1102729333.333333
614, 10.233333, 1.380000, 757.349690, 755.984375, 1255.984375, 109.000000, 1102719333.333333
615, 10.250000, 1.380000, 758.729690, 757.363281, 1257.363281, 109.000000, 1102709333.333333
616, 10.266667, 1.380000, 760.109690, 758.742188, 1258.742188, 109.000000, 1102699333.333333
617, 10.283333, 1.380000, 761.489690, 760.125000, 1260.125000, 109.000000, 1102689333.333333
618, 10.300000, 1.380000, 762.869690, 761.503906, 1261.503906, 109.000000, 1102679333.333333
619, 10.316667, 1.380000, 764.249690, 762.882813, 1262.882813, 109.000000, 1102669333.333333
620, 10.333333, 1.380000, 765.629690, 764.265625, 1264.265625, 109.000000, 1102659333.333333
621, 10.350000, 1.380000, 767.009690, 765.644531, 1265.644531, 109.000000, 1102649333.333333
622, 10.366667, 1.380000, 768.389690, 767.023438, 1267.023438, 109.000000, 1102639333.333333
623, 10.383333, 1.380000, 769.769690, 768.402344, 1268.402344, 109.000000, 1102629333.333333
624, 10.400000, 1.380000, 771.149690, 769.785156, 1269.785156, 109.000000, 1102619333.333333
625, 10.416667, 1.380000, 772.529690, 771.164063, 1271.164063, 109.000000, 1102609333.333333
626, 10.433333, 1.380000, 773.909690, 772.542969, 1272.542969, 109.000000, 1102599333.333333
627, 10.450000, 1.380000, 775.289690, 773.925781, 1273.925781, 109.000000, 1102589333.333333
628, 10.466667, 1.380000, 776.669690, 775.304688, 1275.304688, 109.000000, 1102579333.333333
629, 10.483333, 1.380000, 778.049690, 776.683594, 1276.683594, 109.000000, 1102569333.333333
630, 10.500000, 1.380000, 779.429690, 778.062500, 1278.062500, 109.000000, 1102559333.333333
631, 10.516667, 1.380000, 780.809690, 779.445313, 1279.445313, 109.000000, 1102549333.333333
632, 10.533333, 1.380000, 782.189690, 780.824219, 1280.824219, 109.000000, 1102539333.333333
633, 10.550000, 1.380000, 783.569690, 782.203125, 1282.203125, 109.000000, 1102529333.333333
634, 10.566667, 1.380000, 784.949690, 783.582031, 1283.582031, 109.000000, 1102519333.333333
635, 10.583333, 1.380000, 786.329690, 784.964844, 1284.964844, 109.000000, 1102509333.333333
636, 10.600000, 1.380000, 787.709690, 786.343750, 1286.343750, 109.000000, 1102499333.333333
637, 10.616667, 1.380000, 789.089690, 787.722656, 1287.722656, 109.000000, 1102489333.333333
638, 10.633333, 1.380000, 790.469690, 789.105469, 1289.105469, 109.000000, 1102479333.333333
639, 10.650000, 1.380000, 791.849690, 790.484375, 1290.484375, 109.000000, 1102469333.333333
640, 10.666667, 1.380000, 793.229690, 791.863281, 1291.863281, 109.000000, 1102459333.333333
641, 10.683333, 1.380000, 794.609690, 793.242188, 1293.242188, 109.000000, 1102449333.333333
642, 10.700000, 1.380000, 795.989690, 794.625000, 1294.625000, 109.000000, 1102439333.333333
643, 10.716667, 1.380000, 797.369690, 796.003906, 1296.003906, 109.000000, 1102429333.333333
644, 10.733333, 1.380000, 798.749690, 797.382813, 1297.382813, 109.000000, 1102419333.333333
645, 10.750000, 1.380000, 800.129690, 798.765625, 1298.765625, 109.000000, 1102409333.333333
646, 10.766667, 1.380000, 801.509690, 800.144531, 1300.144531, 109.000000, 1102399333.333333
647, 10.783333, 1.380000, 802.889690, 801.523438, 1301.523438, 109.000000, 1102389333.333333
648, 10.800000, 1.380000, 804.269690, 802.902344, 1302.902344, 109.000000, 1102379333.333333
649, 10.816667, 1.380000, 805.649690, 804.285156, 1304.285156, 109.000000, 1102369333.333333
650, 10.833333, 1.380000, 807.029690, 805.664063, 1305.664063, 109.000000, 1102359333.333333
651, 10.850000, 1.380000, 808.409690, 807.042969, 1307.042969, 109.000000, 1102349333.333333
652, 10.866667, 1.380000, 809.789690, 808.425781, 1308.425781, 109.000000, 1102339333.333333
653, 10.883333, 1.380000, 811.169690, 809.804688, 1309.804688, 109.000000, 1102329333.333333
654, 10.900000, 1.380000, 812.549690, 811.183594, 1311.183594, 109.000000, 1102319333.333333
655, 10.916667, 1.380000, 813.929690, 812.562500, 1312.562500, 109.000000, 1102309333.333333
656, 10.933333, 1.380000, 815.309690, 813.945313, 1313.945313, 109.000000, 1102299333.333333
657, 10.950000, 1.380000, 816.689690, 815.324219, 1315.324219, 109.000000, 1102289333.333333
658, 10.966667, 1.380000, 818.069690, 816.703125, 1316.703125, 109.000000, 1102279333.333333
659, 10.983333, 1.380000, 819.449690, 818.082031, 1318.082031, 109.000000, 1102269333.333333
660, 11.000000, 1.380000, 820.829690, 819.464844, 1319.464844, 109.000000, 1102259333.333333
661, 11.016667, 1.380000, 822.209690, 820.843750, 1320.843750, 109.000000, 1102249333.333333
662, 11.033333, 1.380000, 823.589690, 822.222656, 1322.222656, 109.000000, 1102239333.333333
663, 11.050000, 1.380000, 824.969690, 823.605469, 1323.605469, 109.000000, 1102229333.333333
664, 11.066667, 1.380000, 826.349690, 824.984375, 1324.984375, 109.000000, 1102219333.333333
665, 11.083333, 1.380000, 827.729690, 826.363281, 1326.363281, 109.000000, 1102209333.333333
666, 11.100000, 1.380000, 829.109690, 827.742188, 1327.742188, 109.000000, 1102199333.333333
667, 11.116667, 1.380000, 830.489690, 829.125000, 1329.125000, 109.000000, 1102189333.333333
668, 11.133333, 1.380000, 831.869690, 830.503906, 1330.503906, 109.000000, 1102179333.333333
669, 11.150000, 1.380000, 833.249690, 831.882813, 1331.882813, 109.000000, 1102169333.333333
670, 11.166667, 1.380000, 834.629690, 833.265625, 1333.265625, 109.000000, 1102159333.333333
671, 11.183333, 1.380000, 836.009690, 834.644531, 1334.644531, 109.000000, 1102149333.333333
672, 11.200000, 1.380000, 837.389690, 836.023438, 1336.023438, 109.000000, 1102139333.333333
673, 11.216667, 1.380000, 838.769690, 837.402344, 1337.402344, 109.000000, 1102129333.333333
674, 11.233333, 1.380000, 840.149690, 838.785156, 1338.785156, 109.000000, 1102119333.333333
675, 11.250000, 1.380000, 841.529690, 840.164063, 1340.164063, 109.000000, 1102109333.333333
676, 11.266667, 1.380000, 842.909690, 841.542969, 1341.542969, 109.000000, 1102099333.333333
677, 11.283333, 1.380000, 844.289690, 842.925781, 1342.925781, 109.000000, 1102089333.333333
678, 11.300000, 1.380000, 845.669690, 844.304688, 1344.304688, 109.000000, 1102079333.333333
679, 11.316667, 1.380000, 847.049690, 845.683594, 1345.683594, 109.000000, 1102069333.333333
680, 11.333333, 1.380000, 848.429690, 847.062500, 1347.062500, 109.000000, 1102059333.333333
681, 11.350000, 1.380000, 849.809690, 848.445313, 1348.445313, 109.000000, 1102049333.333333
682, 11.366667, 1.380000, 851.189690, 849.824219, 1349.824219, 109.000000, 1102039333.333333
683, 11.383333, 1.380000, 852.569690, 851.203125, 1351.203125, 109.000000, 1102029333.333333
684, 11.400000, 1.380000, 853.949690, 852.582031, 1352.582031, 109.000000, 1102019333.333333
685, 11.416667, 1.380000, 855.329690, 853.964844, 1353.964844, 109.000000, 1102009333.333333
686, 11.433333, 1.380000, 856.709690, 855.343750, 1355.343750, 109.000000, 1101999333.333333
687, 11.450000, 1.380000, 858.089690, 856.722656, 1356.722656, 109.000000, 1101989333.333333
688, 11.466667, 1.380000, 859.469690, 858.105469, 1358.105469, 109.000000, 1101979333.333333
689, 11.483333, 1.380000, 860.849690, 859.484375, 1359.484375, 109.000000, 1101969333.333333
690, 11.500000, 1.380000, 862.229690, 860.863281, 1360.863281, 109.000000, 1101959333.333333
691, 11.516667, 1.380000, 863.609690, 862.242188, 1362.242188, 109.000000, 1101949333.333333
692, 11.533333, 1.380000, 864.989690, 863.625000, 1363.625000, 109.000000, 1101939333.333333
693, 11.550000, 1.380000, 866.369690, 865.003906, 1365.003906, 109.000000, 1101929333.333333
694, 11.566667, 1.380000, 867.749690, 866.382813, 1366.382813, 109.000000, 1101919333.333333
695, 11.583333, 1.380000, 869.129690, 867.765625, 1367.765625, 109.000000, 1101909333.333333
696, 11.600000, 1.380000, 870.509690, 869.144531, 1369.144531, 109.000000, 1101899333.333333
697, 11.616667, 1.380000, 871.889690, 870.523438, 1370.523438, 109.000000, 1101889333.333333
698, 11.633333, 1.380000, 873.269690, 871.902344, 1371.902344, 109.000000, 1101879333.333333
699, 11.650000, 1.380000, 874.649690, 873.285156, 1373.285156, 109.000000, 1101869333.333333
700, 11.666667, 1.380000, 876.029690, 874.664063, 1374.664063, 109.000000, 1101859333.333333
701, 11.683333, 1.380000, 877.409690, 876.042969, 1376.042969, 109.000000, 1101849333.333333
702, 11.700000, 1.380000, 878.789690, 877.425781, 1377.425781, 109.000000, 1101839333.333333
703, 11.716667, 1.380000, 880.169690, 878.804688, 1378.804688, 109.000000, 1101829333.333333
704, 11.733333, 1.380000, 881.549690, 880.183594, 1380.183594, 109.000000, 1101819333.333333
705, 11.750000, 1.380000, 882.929690, 881.562500, 1381.562500, 109.000000, 1101809333.333333
706, 11.766667, 1.380000, 884.309690, 882.945313, 1382.945313, 109.000000, 1101799333.333333
707, 11.783333, 1.380000, 885.689690, 884.324219, 1384.324219, 109.000000, 1101789333.333333
708, 11.800000, 1.380000, 887.069690, 885.703125, 1385.703125, 109.000000, 1101779333.333333
709, 11.816667, 1.380000, 888.449690, 887.082031, 1387.082031, 109.000000, 1101769333.333333
710, 11.833333, 1.380000, 889.829690, 888.464844, 1388.464844, 109.000000, 1101759333.333333
711, 11.850000, 1.380000, 891.209690, 889.843750, 1389.843750, 109.000000, 1101749333.333333
712, 11.866667, 1.380000, 892.589690, 891.222656, 1391.222656, 109.000000, 1101739333.333333
713, 11.883333, 1.380000, 893.969690, 892.605469, 1392.605469, 109.000000, 1101729333.333333
714, 11.900000, 1.380000, 895.349690, 893.984375, 1393.984375, 109.000000, 1101719333.333333
715, 11.916667, 1.380000, 896.729690, 895.363281, 1395.363281, 109.000000, 1101709333.333333
716, 11.933333, 1.380000, 898.109690, 896.742188, 1396.742188, 109.000000, 1101699333.333333
717, 11.950000, 1.380000, 899.489690, 898.125000, 1398.125000, 109.000000, 1101689333.333333
718, 11.966667, 1.380000, 900.869690, 899.503906, 1399.503906, 109.000000, 1101679333.333333
719, 11.983333, 1.380000, 902.249690, 900.882813, 1400.882813, 109.000000, 1101669333.333333
720, 12.000000, 1.380000, 903.629690, 902.265625, 1402.265625, 109.000000, 1101659333.333333
721, 12.016667, 1.380000, 905.009690, 903.644531, 1403.644531, 109.000000, 1101649333.333333
722, 12.033333, 1.380000, 906.389690, 905.023438, 1405.023438, 109.000000, 1101639333.333333
723, 12.050000, 1.380000, 907.769690, 906.402344, 1406.402344, 109.000000, 1101629333.333333
724, 12.066667, 1.369674, 909.139364, 907.785156, 1407.785156, 109.000000, 1101629333.333333
725, 12.083333, 1.359350, 910.498714, 909.152344, 1409.152344, 109.000000, 1101629333.333333
726, 12.100000, 1.349025, 911.847739, 910.511719, 1410.511719, 109.000000, 1101629333.333333
727, 12.116667, 1.338701, 913.186440, 911.863281, 1411.863281, 109.000000, 1101629333.333333
728, 12.133333, 1.328378, 914.514819, 913.199219, 1413.199219, 109.000000, 1101629333.333333
729, 12.150000, 1.318056, 915.832874, 914.527344, 1414.527344, 109.000000, 1101629333.333333
730, 12.166667, 1.307734, 917.140608, 915.847656, 1415.847656, 109.000000, 1101629333.333333
731, 12.183333, 1.297413, 918.438021, 917.156250, 1417.156250, 109.000000, 1101629333.333333
732, 12.200000, 1.287092, 919.725113, 918.453125, 1418.453125, 109.000000, 1101629333.333333
733, 12.216667, 1.276772, 921.001885, 919.738281, 1419.738281, 109.000000, 1101629333.333333
734, 12.233333, 1.266453, 922.268338, 921.015625, 1421.015625, 109.000000, 1101629333.333333
735, 12.250000, 1.256134, 923.524472, 922.281250, 1422.281250, 109.000000, 1101629333.333333
736, 12.266667, 1.245816, 924.770289, 923.539063, 1423.539063, 109.000000, 1101629333.333333
737, 12.283333, 1.235499, 926.005788, 924.785156, 1424.785156, 109.000000, 1101629333.333333
738, 12.300000, 1.225183, 927.230971, 926.019531, 1426.019531, 109.000000, 1101629333.333333
739, 12.316667, 1.214867, 928.445838, 927.246094, 1427.246094, 109.000000, 1101629333.333333
740, 12.333333, 1.204552, 929.650390, 928.460938, 1428.460938, 109.000000, 1101629333.333333
741, 12.350000, 1.194238, 930.844628, 929.664063, 1429.664063, 109.000000, 1101629333.333333
742, 12.366667, 1.183925, 932.028553, 930.859375, 1430.859375, 109.000000, 1101629333.333333
743, 12.383333, 1.173612, 933.202165, 932.042969, 1432.042969, 109.000000, 1101629333.333333
744, 12.400000, 1.163300, 934.365465, 933.214844, 1433.214844, 109.000000, 1101629333.333333
745, 12.416667, 1.152989, 935.518454, 934.378906, 1434.378906, 109.000000, 1101629333.333333
746, 12.433333, 1.142679, 936.661133, 935.531250, 1435.531250, 109.000000, 1101629333.333333
747, 12.450000, 1.132369, 937.793502, 936.675781, 1436.675781, 109.000000, 1101629333.333333
748, 12.466667, 1.122061, 938.915563, 937.808594, 1437.808594, 109.000000, 1101629333.333333
749, 12.483333, 1.111753, 940.027316, 938.929688, 1438.929688, 109.000000, 1101629333.333333
750, 12.500000, 1.101446, 941.128763, 940.042969, 1440.042969, 109.000000, 1101629333.333333
751, 12.516667, 1.091141, 942.219903, 941.144531, 1441.144531, 109.000000, 1101629333.333333
752, 12.533333, 1.080836, 943.300739, 942.234375, 1442.234375, 109.000000, 1101629333.333333
753, 12.550000, 1.070532, 944.371271, 943.316406, 1443.316406, 109.000000, 1101629333.333333
754, 12.566667, 1.060229, 945.431499, 944.386719, 1444.386719, 109.000000, 1101629333.333333
755, 12.583333, 1.049926, 946.481426, 945.445313, 1445.445313, 109.000000, 1101629333.333333
756, 12.600000, 1.039625, 947.521051, 946.496094, 1446.496094, 109.000000, 1101629333.333333
757, 12.616667, 1.029325, 948.550376, 947.535156, 1447.535156, 109.000000, 1101629333.333333
758, 12.633333, 1.019026, 949.569403, 948.566406, 1448.566406, 109.000000, 1101629333.333333
759, 12.650000, 1.008728, 950.578131, 949.582031, 1449.582031, 109.000000, 1101629333.333333
760, 12.666667, 0.998431, 951.576562, 950.593750, 1450.593750, 109.000000, 1101629333.333333
761, 12.683333, 0.988135, 952.564698, 951.589844, 1451.589844, 109.000000, 1101629333.333333
762, 12.700000, 0.977841, 953.542539, 952.578125, 1452.578125, 109.000000, 1101629333.333333
763, 12.716667, 0.967547, 954.510086, 953.558594, 1453.558594, 109.000000, 1101629333.333333
764, 12.733333, 0.957255, 955.467340, 954.523438, 1454.523438, 109.000000, 1101629333.333333
765, 12.750000, 0.946964, 956.414304, 955.480469, 1455.480469, 109.000000, 1101629333.333333
766, 12.766667, 0.936674, 957.350978, 956.429688, 1456.429688, 109.000000, 1101629333.333333
767, 12.783333, 0.926385, 958.277362, 957.367188, 1457.367188, 109.000000, 1101629333.333333
768, 12.800000, 0.916097, 959.193460, 958.292969, 1458.292969, 109.000000, 1101629333.333333
769, 12.816667, 0.905811, 960.099271, 959.207031, 1459.207031, 109.000000, 1101629333.333333
770, 12.833333, 0.895526, 960.994797, 960.113281, 1460.113281, 109.000000, 1101629333.333333
771, 12.850000, 0.885243, 961.880040, 961.007813, 1461.007813, 109.000000, 1101629333.333333
772, 12.866667, 0.874961, 962.755000, 961.894531, 1461.894531, 109.000000, 1101629333.333333
773, 12.883333, 0.864680, 963.619680, 962.769531, 1462.769531, 109.000000, 1101629333.333333
774, 12.900000, 0.854401, 964.474081, 963.632813, 1463.632813, 109.000000, 1101629333.333333
775, 12.916667, 0.844123, 965.318204, 964.488281, 1464.488281, 109.000000, 1101629333.333333
776, 12.933333, 0.833847, 966.152051, 965.332031, 1465.332031, 109.000000, 1101629333.333333
777, 12.950000, 0.823572, 966.975622, 966.167969, 1466.167969, 109.000000, 1101629333.333333
778, 12.966667, 0.813299, 967.788921, 966.988281, 1466.988281, 109.000000, 1101629333.333333
779, 12.983333, 0.803027, 968.591949, 967.804688, 1467.804688, 109.000000, 1101629333.333333
780, 13.000000, 0.792758, 969.384706, 968.605469, 1468.605469, 109.000000, 1101629333.333333
781, 13.016667, 0.782490, 970.167196, 969.398438, 1469.398438, 109.000000, 1101629333.333333
782, 13.033333, 0.772223, 970.939419, 970.179688, 1470.179688, 109.000000, 1101629333.333333
783, 13.050000, 0.761959, 971.701378, 970.953125, 1470.953125, 109.000000, 1101629333.333333
784, 13.066667, 0.751696, 972.453075, 971.714844, 1471.714844, 109.000000, 1101629333.333333
785, 13.083333, 0.741436, 973.194510, 972.468750, 1472.468750, 109.000000, 1101629333.333333
786, 13.100000, 0.731177, 973.925687, 973.207031, 1473.207031, 109.000000, 1101629333.333333
787, 13.116667, 0.720920, 974.646607, 973.941406, 1473.941406, 109.000000, 1101629333.333333
788, 13.133333, 0.710666, 975.357273, 974.660156, 1474.660156, 109.000000, 1101629333.333333
789, 13.150000, 0.700413, 976.057686, 975.371094, 1475.371094, 109.000000, 1101629333.333333
790, 13.166667, 0.690163, 976.747849, 976.070313, 1476.070313, 109.000000, 1101629333.333333
791, 13.183333, 0.679915, 977.427764, 976.761719, 1476.761719, 109.000000, 1101629333.333333
792, 13.200000, 0.669669, 978.097433, 977.441406, 1477.441406, 109.000000, 1101629333.333333
793, 13.216667, 0.659426, 978.756858, 978.113281, 1478.113281, 109.000000, 1101629333.333333
794, 13.233333, 0.649185, 979.406043, 978.769531, 1478.769531, 109.000000, 1101629333.333333
795, 13.250000, 0.638947, 980.044990, 979.421875, 1479.421875, 109.000000, 1101629333.333333
796, 13.266667, 0.628711, 980.673701, 980.058594, 1480.058594, 109.000000, 1101629333.333333
797, 13.283333, 0.618478, 981.292179, 980.687500, 1480.687500, 109.000000, 1101629333.333333
798, 13.300000, 0.608248, 981.900427, 981.304688, 1481.304688, 109.000000, 1101629333.333333
799, 13.316667, 0.598021, 982.498447, 981.914063, 1481.914063, 109.000000, 1101629333.333333
800, 13.333333, 0.587796, 983.086244, 982.511719, 1482.511719, 109.000000, 1101629333.333333
801, 13.350000, 0.577575, 983.663819, 983.101563, 1483.101563, 109.000000, 1101629333.333333
802, 13.366667, 0.567357, 984.231176, 983.679688, 1483.679688, 109.000000, 1101629333.333333
803, 13.383333, 0.557143, 984.788319, 984.246094, 1484.246094, 109.000000, 1101629333.333333
804, 13.400000, 0.546931, 985.335250, 984.800781, 1484.800781, 109.000000, 1101629333.333333
805, 13.416667, 0.536724, 985.871974, 985.347656, 1485.347656, 109.000000, 1101629333.333333
806, 13.433333, 0.526520, 986.398493, 985.886719, 1485.886719, 109.000000, 1101629333.333333
807, 13.450000, 0.516320, 986.914813, 986.414063, 1486.414063, 109.000000, 1101629333.333333
808, 13.466667, 0.506123, 987.420936, 986.929688, 1486.929688, 109.000000, 1101629333.333333
809, 13.483333, 0.495931, 987.916868, 987.433594, 1487.433594, 109.000000, 1101629333.333333
810, 13.500000, 0.485744, 988.402611, 987.929688, 1487.929688, 109.000000, 1101629333.333333
811, 13.516667, 0.475560, 988.878172, 988.417969, 1488.417969, 109.000000, 1101629333.333333
812, 13.533333, 0.465382, 989.343553, 988.890625, 1488.890625, 109.000000, 1101629333.333333
813, 13.550000, 0.455208, 989.798761, 989.359375, 1489.359375, 109.000000, 1101629333.333333
814, 13.566667, 0.445039, 990.243801, 989.812500, 1489.812500, 109.000000, 1101629333.333333
815, 13.583333, 0.434876, 990.678677, 990.257813, 1490.257813, 109.000000, 1101629333.333333
816, 13.600000, 0.424718, 991.103395, 990.691406, 1490.691406, 109.000000, 1101629333.333333
817, 13.616667, 0.414566, 991.517962, 991.117188, 1491.117188, 109.000000, 1101629333.333333
818, 13.633333, 0.404420, 991.922382, 991.531250, 1491.531250, 109.000000, 1101629333.333333
819, 13.650000, 0.394281, 992.316663, 991.937500, 1491.937500, 109.000000, 1101629333.333333
820, 13.666667, 0.384148, 992.700811, 992.332031, 1492.332031, 109.000000, 1101629333.333333
821, 13.683333, 0.374022, 993.074834, 992.714844, 1492.714844, 109.000000, 1101629333.333333
822, 13.700000, 0.363904, 993.438738, 993.089844, 1493.089844, 109.000000, 1101629333.333333
823, 13.716667, 0.353794, 993.792531, 993.453125, 1493.453125, 109.000000, 1101629333.333333
824, 13.733333, 0.343691, 994.136222, 993.808594, 1493.808594, 109.000000, 1101629333.333333
825, 13.750000, 0.333598, 994.469820, 994.152344, 1494.152344, 109.000000, 1101629333.333333
826, 13.766667, 0.323513, 994.793333, 994.484375, 1494.484375, 109.000000, 1101629333.333333
827, 13.783333, 0.313439, 995.106772, 994.808594, 1494.808594, 109.000000, 1101629333.333333
828, 13.800000, 0.303375, 995.410147, 995.121094, 1495.121094, 109.000000, 1101629333.333333
829, 13.816667, 0.293322, 995.703468, 995.425781, 1495.425781, 109.000000, 1101629333.333333
830, 13.833333, 0.283280, 995.986749, 995.718750, 1495.718750, 109.000000, 1101629333.333333
831, 13.850000, 0.273252, 996.260000, 996.000000, 1496.000000, 109.000000, 1101629333.333333
832, 13.866667, 0.263236, 996.523237, 996.273438, 1496.273438, 109.000000, 1101629333.333333
833, 13.883333, 0.253236, 996.776473, 996.539063, 1496.539063, 109.000000, 1101629333.333333
834, 13.900000, 0.243251, 997.019723, 996.789063, 1496.789063, 109.000000, 1101629333.333333
835, 13.916667, 0.233282, 997.253005, 997.035156, 1497.035156, 109.000000, 1101629333.333333
836, 13.933333, 0.223332, 997.476337, 997.265625, 1497.265625, 109.000000, 1101629333.333333
837, 13.950000, 0.213402, 997.689739, 997.492188, 1497.492188, 109.000000, 1101629333.333333
838, 13.966667, 0.203493, 997.893232, 997.703125, 1497.703125, 109.000000, 1101629333.333333
839, 13.983333, 0.193607, 998.086839, 997.906250, 1497.906250, 109.000000, 1101629333.333333
840, 14.000000, 0.183747, 998.270586, 998.101563, 1498.101563, 109.000000, 1101629333.333333
841, 14.016667, 0.173916, 998.444501, 998.285156, 1498.285156, 109.000000, 1101629333.333333
842, 14.033333, 0.164115, 998.608617, 998.457031, 1498.457031, 109.000000, 1101629333.333333
843, 14.050000, 0.154350, 998.762967, 998.621094, 1498.621094, 109.000000, 1101629333.333333
844, 14.066667, 0.144623, 998.907590, 998.777344, 1498.777344, 109.000000, 1101629333.333333
845, 14.083333, 0.134941, 999.042531, 998.921875, 1498.921875, 109.000000, 1101629333.333333
846, 14.100000, 0.125308, 999.167839, 999.058594, 1499.058594, 109.000000, 1101629333.333333
847, 14.116667, 0.115731, 999.283570, 999.183594, 1499.183594, 109.000000, 1101629333.333333
848, 14.133333, 0.106220, 999.389790, 999.296875, 1499.296875, 109.000000, 1101629333.333333
849, 14.150000, 0.096784, 999.486574, 999.402344, 1499.402344, 109.000000, 1101629333.333333
850, 14.166667, 0.087437, 999.574011, 999.500000, 1499.500000, 109.000000, 1101629333.333333
851, 14.183333, 0.078196, 999.652207, 999.589844, 1499.589844, 109.000000, 1101629333.333333
852, 14.200000, 0.069082, 999.721289, 999.667969, 1499.667969, 109.000000, 1101629333.333333
853, 14.216667, 0.060124, 999.781413, 999.734375, 1499.734375, 109.000000, 1101629333.333333
854, 14.233333, 0.051360, 999.832774, 999.796875, 1499.796875, 109.000000, 1101629333.333333
855, 14.250000, 0.042845, 999.875619, 999.847656, 1499.847656, 109.000000, 1101629333.333333
856, 14.266667, 0.034653, 999.910272, 999.890625, 1499.890625, 109.000000, 1101629333.333333
857, 14.283333, 0.026895, 999.937166, 999.925781, 1499.925781, 109.000000, 1101629333.333333
858, 14.300000, 0.019732, 999.956898, 999.953125, 1499.953125, 109.000000, 1101629333.333333
859, 14.316667, 0.013404, 999.970302, 999.972656, 1499.972656, 109.000000, 1101629333.333333
860, 14.333333, 0.008229, 999.978531, 999.984375, 1499.984375, 109.000000, 1101629333.333333
861, 14.350000, 0.004520, 999.983051, 999.992188, 1499.992188, 109.000000, 1101629333.333333
862, 14.366667, 0.002304, 999.985355, 999.996094, 1499.996094, 109.000000, 1101629333.333333
863, 14.383333, 0.001153, 999.986508, 1000.000000, 1500.000000, 109.000000, 1101629333.333333
