tick, sec, speed, distance, spdacm, x, y, energy
0, 0.000000, 0.000000, 0.000000, 0.000000, 500.000000, 109.000000, 1134279333.333333
1, 0.016667, 0.024610, 0.024610, 0.015625, 500.015625, 109.000000, 1134259333.333333
2, 0.033333, 0.036722, 0.061333, 0.039063, 500.039063, 109.000000, 1134249333.333333
3, 0.050000, 0.048789, 0.110121, 0.074219, 500.074219, 109.000000, 1134239333.333333
4, 0.066667, 0.060810, 0.170931, 0.125000, 500.125000, 109.000000, 1134229333.333333
5, 0.083333, 0.072786, 0.243717, 0.183594, 500.183594, 109.000000, 1134219333.333333
6, 0.100000, 0.084717, 0.328434, 0.257813, 500.257813, 109.000000, 1134209333.333333
7, 0.116667, 0.096603, 0.425037, 0.343750, 500.343750, 109.000000, 1134199333.333333
8, 0.133333, 0.108445, 0.533482, 0.437500, 500.437500, 109.000000, 1134189333.333333
9, 0.150000, 0.120242, 0.653724, 0.546875, 500.546875, 109.000000, 1134179333.333333
10, 0.166667, 0.131996, 0.785720, 0.667969, 500.667969, 109.000000, 1134169333.333333
11, 0.183333, 0.143705, 0.929425, 0.800781, 500.800781, 109.000000, 1134159333.333333
12, 0.200000, 0.155370, 1.084794, 0.945313, 500.945313, 109.000000, 1134149333.333333
13, 0.216667, 0.166991, 1.251786, 1.097656, 501.097656, 109.000000, 1134139333.333333
14, 0.233333, 0.178569, 1.430355, 1.265625, 501.265625, 109.000000, 1134129333.333333
15, 0.250000, 0.190104, 1.620458, 1.445313, 501.445313, 109.000000, 1134119333.333333
16, 0.266667, 0.201595, 1.822053, 1.632813, 501.632813, 109.000000, 1134109333.333333
17, 0.283333, 0.213043, 2.035096, 1.835938, 501.835938, 109.000000, 1134099333.333333
18, 0.300000, 0.224448, 2.259544, 2.050781, 502.050781, 109.000000, 1134089333.333333
19, 0.316667, 0.235810, 2.495354, 2.273438, 502.273438, 109.000000, 1134079333.333333
20, 0.333333, 0.247130, 2.742484, 2.507813, 502.507813, 109.000000, 1134069333.333333
21, 0.350000, 0.258407, 3.000892, 2.757813, 502.757813, 109.000000, 1134059333.333333
22, 0.366667, 0.269642, 3.270534, 3.015625, 503.015625, 109.000000, 1134049333.333333
23, 0.383333, 0.280835, 3.551369, 3.285156, 503.285156, 109.000000, 1134039333.333333
24, 0.400000, 0.291986, 3.843356, 3.566406, 503.566406, 109.000000, 1134029333.333333
25, 0.416667, 0.303095, 4.146451, 3.859375, 503.859375, 109.000000, 1134019333.333333
26, 0.433333, 0.314163, 4.460614, 4.160156, 504.160156, 109.000000, 1134009333.333333
27, 0.450000, 0.325189, 4.785803, 4.476563, 504.476563, 109.000000, 1133999333.333333
28, 0.466667, 0.336173, 5.121976, 4.800781, 504.800781, 109.000000, 1133989333.333333
29, 0.483333, 0.347117, 5.469093, 5.136719, 505.136719, 109.000000, 1133979333.333333
30, 0.500000, 0.358019, 5.827112, 5.484375, 505.484375, 109.000000, 1133969333.333333
31, 0.516667, 0.368881, 6.195993, 5.839844, 505.839844, 109.000000, 1133959333.333333
32, 0.533333, 0.379701, 6.575694, 6.210938, 506.210938, 109.000000, 1133949333.333333
33, 0.550000, 0.390482, 6.966176, 6.589844, 506.589844, 109.000000, 1133939333.333333
34, 0.566667, 0.401221, 7.367397, 6.980469, 506.980469, 109.000000, 1133929333.333333
35, 0.583333, 0.411921, 7.779318, 7.382813, 507.382813, 109.000000, 1133919333.333333
36, 0.600000, 0.422580, 8.201899, 7.792969, 507.792969, 109.000000, 1133909333.333333
37, 0.616667, 0.433200, 8.635098, 8.214844, 508.214844, 109.000000, 1133899333.333333
38, 0.633333, 0.443779, 9.078877, 8.648438, 508.648438, 109.000000, 1133889333.333333
39, 0.650000, 0.454319, 9.533196, 9.093750, 509.093750, 109.000000, 1133879333.333333
40, 0.666667, 0.464819, 9.998016, 9.546875, 509.546875, 109.000000, 1133869333.333333
41, 0.683333, 0.475280, 10.473296, 10.011719, 510.011719, 109.000000, 1133859333.333333
42, 0.700000, 0.485702, 10.958998, 10.488281, 510.488281, 109.000000, 1133849333.333333
43, 0.716667, 0.496085, 11.455083, 10.972656, 510.972656, 109.000000, 1133839333.333333
44, 0.733333, 0.506429, 11.961512, 11.468750, 511.468750, 109.000000, 1133829333.333333
45, 0.750000, 0.516734, 12.478246, 11.976563, 511.976563, 109.000000, 1133819333.333333
46, 0.766667, 0.527000, 13.005245, 12.492188, 512.492188, 109.000000, 1133809333.333333
47, 0.783333, 0.537228, 13.542473, 13.019531, 513.019531, 109.000000, 1133799333.333333
48, 0.800000, 0.547417, 14.089890, 13.558594, 513.558594, 109.000000, 1133789333.333333
49, 0.816667, 0.557568, 14.647459, 14.105469, 514.105469, 109.000000, 1133779333.333333
50, 0.833333, 0.567682, 15.215140, 14.660156, 514.660156, 109.000000, 1133769333.333333
51, 0.850000, 0.577757, 15.792897, 15.230469, 515.230469, 109.000000, 1133759333.333333
52, 0.866667, 0.587794, 16.380691, 15.808594, 515.808594, 109.000000, 1133749333.333333
53, 0.883333, 0.597794, 16.978486, 16.394531, 516.394531, 109.000000, 1133739333.333333
54, 0.900000, 0.607756, 17.586242, 16.992188, 516.992188, 109.000000, 1133729333.333333
55, 0.916667, 0.617681, 18.203923, 17.601563, 517.601563, 109.000000, 1133719333.333333
56, 0.933333, 0.627569, 18.831493, 18.218750, 518.218750, 109.000000, 1133709333.333333
57, 0.950000, 0.637420, 19.468913, 18.847656, 518.847656, 109.000000, 1133699333.333333
58, 0.966667, 0.647234, 20.116146, 19.484375, 519.484375, 109.000000, 1133689333.333333
59, 0.983333, 0.657011, 20.773157, 20.128906, 520.128906, 109.000000, 1133679333.333333
60, 1.000000, 0.666751, 21.439908, 20.789063, 520.789063, 109.000000, 1133669333.333333
61, 1.016667, 0.676455, 22.116362, 21.453125, 521.453125, 109.000000, 1133659333.333333
62, 1.033333, 0.686122, 22.802484, 22.128906, 522.128906, 109.000000, 1133649333.333333
63, 1.050000, 0.695753, 23.498237, 22.816406, 522.816406, 109.000000, 1133639333.333333
64, 1.066667, 0.705348, 24.203585, 23.511719, 523.511719, 109.000000, 1133629333.333333
65, 1.083333, 0.714907, 24.918492, 24.218750, 524.218750, 109.000000, 1133619333.333333
66, 1.100000, 0.724430, 25.642922, 24.933594, 524.933594, 109.000000, 1133609333.333333
67, 1.116667, 0.733918, 26.376840, 25.656250, 525.656250, 109.000000, 1133599333.333333
68, 1.133333, 0.743370, 27.120210, 26.390625, 526.390625, 109.000000, 1133589333.333333
69, 1.150000, 0.752786, 27.872996, 27.132813, 527.132813, 109.000000, 1133579333.333333
70, 1.166667, 0.762167, 28.635163, 27.886719, 527.886719, 109.000000, 1133569333.333333
71, 1.183333, 0.771513, 29.406676, 28.648438, 528.648438, 109.000000, 1133559333.333333
72, 1.200000, 0.780824, 30.187500, 29.421875, 529.421875, 109.000000, 1133549333.333333
73, 1.216667, 0.790100, 30.977599, 30.203125, 530.203125, 109.000000, 1133539333.333333
74, 1.233333, 0.799341, 31.776940, 30.992188, 530.992188, 109.000000, 1133529333.333333
75, 1.250000, 0.808548, 32.585488, 31.792969, 531.792969, 109.000000, 1133519333.333333
76, 1.266667, 0.817720, 33.403208, 32.601563, 532.601563, 109.000000, 1133509333.333333
77, 1.283333, 0.826857, 34.230065, 33.417969, 533.417969, 109.000000, 1133499333.333333
78, 1.300000, 0.835961, 35.066025, 34.246094, 534.246094, 109.000000, 1133489333.333333
79, 1.316667, 0.845030, 35.911055, 35.082031, 535.082031, 109.000000, 1133479333.333333
80, 1.333333, 0.854065, 36.765120, 35.925781, 535.925781, 109.000000, 1133469333.333333
81, 1.350000, 0.863066, 37.628186, 36.781250, 536.781250, 109.000000, 1133459333.333333
82, 1.366667, 0.872034, 38.500220, 37.640625, 537.640625, 109.000000, 1133449333.333333
83, 1.383333, 0.880968, 39.381188, 38.515625, 538.515625, 109.000000, 1133439333.333333
84, 1.400000, 0.889868, 40.271056, 39.394531, 539.394531, 109.000000, 1133429333.333333
85, 1.416667, 0.898735, 41.169792, 40.285156, 540.285156, 109.000000, 1133419333.333333
86, 1.433333, 0.907569, 42.077361, 41.183594, 541.183594, 109.000000, 1133409333.333333
87, 1.450000, 0.916370, 42.993730, 42.089844, 542.089844, 109.000000, 1133399333.333333
88, 1.466667, 0.925137, 43.918868, 43.007813, 543.007813, 109.000000, 1133389333.333333
89, 1.483333, 0.933872, 44.852740, 43.933594, 543.933594, 109.000000, 1133379333.333333
90, 1.500000, 0.942574, 45.795314, 44.867188, 544.867188, 109.000000, 1133369333.333333
91, 1.516667, 0.951244, 46.746558, 45.808594, 545.808594, 109.000000, 1133359333.333333
92, 1.533333, 0.959881, 47.706439, 46.761719, 546.761719, 109.000000, 1133349333.333333
93, 1.550000, 0.968485, 48.674924, 47.722656, 547.722656, 109.000000, 1133339333.333333
94, 1.566667, 0.977057, 49.651981, 48.687500, 548.687500, 109.000000, 1133329333.333333
95, 1.583333, 0.985597, 50.637579, 49.667969, 549.667969, 109.000000, 1133319333.333333
96, 1.600000, 0.994106, 51.631684, 50.652344, 550.652344, 109.000000, 1133309333.333333
97, 1.616667, 1.002582, 52.634266, 51.644531, 551.644531, 109.000000, 1133299333.333333
98, 1.633333, 1.011026, 53.645292, 52.648438, 552.648438, 109.000000, 1133289333.333333
99, 1.650000, 1.019439, 54.664731, 53.660156, 553.660156, 109.000000, 1133279333.333333
100, 1.666667, 1.027820, 55.692550, 54.679688, 554.679688, 109.000000, 1133269333.333333
101, 1.683333, 1.036170, 56.728720, 55.707031, 555.707031, 109.000000, 1133259333.333333
102, 1.700000, 1.044488, 57.773208, 56.742188, 556.742188, 109.000000, 1133249333.333333
103, 1.716667, 1.052775, 58.825984, 57.789063, 557.789063, 109.000000, 1133239333.333333
104, 1.733333, 1.061031, 59.887015, 58.839844, 558.839844, 109.000000, 1133229333.333333
105, 1.750000, 1.069257, 60.956272, 59.902344, 559.902344, 109.000000, 1133219333.333333
106, 1.766667, 1.077451, 62.033723, 60.968750, 560.968750, 109.000000, 1133209333.333333
107, 1.783333, 1.085615, 63.119337, 62.046875, 562.046875, 109.000000, 1133199333.333333
108, 1.800000, 1.093748, 64.213085, 63.132813, 563.132813, 109.000000, 1133189333.333333
109, 1.816667, 1.101850, 65.314935, 64.226563, 564.226563, 109.000000, 1133179333.333333
110, 1.833333, 1.109922, 66.424858, 65.328125, 565.328125, 109.000000, 1133169333.333333
111, 1.850000, 1.117964, 67.542822, 66.437500, 566.437500, 109.000000, 1133159333.333333
112, 1.866667, 1.125976, 68.668798, 67.558594, 567.558594, 109.000000, 1133149333.333333
113, 1.883333, 1.133957, 69.802755, 68.683594, 568.683594, 109.000000, 1133139333.333333
114, 1.900000, 1.141909, 70.944664, 69.816406, 569.816406, 109.000000, 1133129333.333333
115, 1.916667, 1.149831, 72.094495, 70.957031, 570.957031, 109.000000, 1133119333.333333
116, 1.933333, 1.157723, 73.252219, 72.109375, 572.109375, 109.000000, 1133109333.333333
117, 1.950000, 1.165586, 74.417805, 73.265625, 573.265625, 109.000000, 1133099333.333333
118, 1.966667, 1.173419, 75.591224, 74.433594, 574.433594, 109.000000, 1133089333.333333
119, 1.983333, 1.181223, 76.772446, 75.605469, 575.605469, 109.000000, 1133079333.333333
120, 2.000000, 1.188997, 77.961444, 76.785156, 576.785156, 109.000000, 1133069333.333333
121, 2.016667, 1.196743, 79.158186, 77.976563, 577.976563, 109.000000, 1133059333.333333
122, 2.033333, 1.204459, 80.362645, 79.171875, 579.171875, 109.000000, 1133049333.333333
123, 2.050000, 1.194041, 81.556686, 80.375000, 580.375000, 109.000000, 1133049333.333333
124, 2.066667, 1.183623, 82.740309, 81.570313, 581.570313, 109.000000, 1133049333.333333
125, 2.083333, 1.173207, 83.913516, 82.753906, 582.753906, 109.000000, 1133049333.333333
126, 2.100000, 1.162791, 85.076307, 83.929688, 583.929688, 109.000000, 1133049333.333333
127, 2.116667, 1.152376, 86.228684, 85.089844, 585.089844, 109.000000, 1133049333.333333
128, 2.133333, 1.141962, 87.370646, 86.242188, 586.242188, 109.000000, 1133049333.333333
129, 2.150000, 1.131549, 88.502196, 87.386719, 587.386719, 109.000000, 1133049333.333333
130, 2.166667, 1.121137, 89.623333, 88.515625, 588.515625, 109.000000, 1133049333.333333
131, 2.183333, 1.110726, 90.734058, 89.636719, 589.636719, 109.000000, 1133049333.333333
132, 2.200000, 1.100315, 91.834374, 90.750000, 590.750000, 109.000000, 1133049333.333333
133, 2.216667, 1.089906, 92.924279, 91.847656, 591.847656, 109.000000, 1133049333.333333
134, 2.233333, 1.079497, 94.003777, 92.937500, 592.937500, 109.000000, 1133049333.333333
135, 2.250000, 1.069090, 95.072866, 94.019531, 594.019531, 109.000000, 1133049333.333333
136, 2.266667, 1.058683, 96.131549, 95.085938, 595.085938, 109.000000, 1133049333.333333
137, 2.283333, 1.048277, 97.179827, 96.144531, 596.144531, 109.000000, 1133049333.333333
138, 2.300000, 1.037873, 98.217700, 97.195313, 597.195313, 109.000000, 1133049333.333333
139, 2.316667, 1.027469, 99.245169, 98.230469, 598.230469, 109.000000, 1133049333.333333
140, 2.333333, 1.017067, 100.262236, 99.257813, 599.257813, 109.000000, 1133049333.333333
141, 2.350000, 1.006666, 101.268901, 100.277344, 600.277344, 109.000000, 1133049333.333333
142, 2.366667, 0.996265, 102.265167, 101.281250, 601.281250, 109.000000, 1133049333.333333
143, 2.383333, 0.985866, 103.251033, 102.281250, 602.281250, 109.000000, 1133049333.333333
144, 2.400000, 0.975468, 104.226501, 103.265625, 603.265625, 109.000000, 1133049333.333333
145, 2.416667, 0.965071, 105.191572, 104.242188, 604.242188, 109.000000, 1133049333.333333
146, 2.433333, 0.954676, 106.146248, 105.207031, 605.207031, 109.000000, 1133049333.333333
147, 2.450000, 0.944281, 107.090529, 106.160156, 606.160156, 109.000000, 1133049333.333333
148, 2.466667, 0.933888, 108.024418, 107.105469, 607.105469, 109.000000, 1133049333.333333
149, 2.483333, 0.923497, 108.947914, 108.039063, 608.039063, 109.000000, 1133049333.333333
150, 2.500000, 0.913106, 109.861020, 108.960938, 608.960938, 109.000000, 1133049333.333333
151, 2.516667, 0.902717, 110.763737, 109.875000, 609.875000, 109.000000, 1133049333.333333
152, 2.533333, 0.892329, 111.656067, 110.777344, 610.777344, 109.000000, 1133049333.333333
153, 2.550000, 0.881943, 112.538009, 111.671875, 611.671875, 109.000000, 1133049333.333333
154, 2.566667, 0.871558, 113.409567, 112.550781, 612.550781, 109.000000, 1133049333.333333
155, 2.583333, 0.861174, 114.270742, 113.425781, 613.425781, 109.000000, 1133049333.333333
156, 2.600000, 0.850793, 115.121534, 114.285156, 614.285156, 109.000000, 1133049333.333333
157, 2.616667, 0.840412, 115.961946, 115.136719, 615.136719, 109.000000, 1133049333.333333
158, 2.633333, 0.830033, 116.791980, 115.976563, 615.976563, 109.000000, 1133049333.333333
159, 2.650000, 0.819656, 117.611636, 116.804688, 616.804688, 109.000000, 1133049333.333333
160, 2.666667, 0.809281, 118.420916, 117.625000, 617.625000, 109.000000, 1133049333.333333
161, 2.683333, 0.798907, 119.219823, 118.433594, 618.433594, 109.000000, 1133049333.333333
162, 2.700000, 0.788535, 120.008358, 119.234375, 619.234375, 109.000000, 1133049333.333333
163, 2.716667, 0.778164, 120.786523, 120.023438, 620.023438, 109.000000, 1133049333.333333
164, 2.733333, 0.767796, 121.554319, 120.800781, 620.800781, 109.000000, 1133049333.333333
165, 2.750000, 0.757430, 122.311748, 121.570313, 621.570313, 109.000000, 1133049333.333333
166, 2.766667, 0.747065, 123.058813, 122.324219, 622.324219, 109.000000, 1133049333.333333
167, 2.783333, 0.736702, 123.795515, 123.074219, 623.074219, 109.000000, 1133049333.333333
168, 2.800000, 0.726342, 124.521857, 123.808594, 623.808594, 109.000000, 1133049333.333333
169, 2.816667, 0.715983, 125.237840, 124.535156, 624.535156, 109.000000, 1133049333.333333
170, 2.833333, 0.705627, 125.943468, 125.253906, 625.253906, 109.000000, 1133049333.333333
171, 2.850000, 0.695273, 126.638741, 125.957031, 625.957031, 109.000000, 1133049333.333333
172, 2.866667, 0.684921, 127.323662, 126.652344, 626.652344, 109.000000, 1133049333.333333
173, 2.883333, 0.674572, 127.998234, 127.339844, 627.339844, 109.000000, 1133049333.333333
174, 2.900000, 0.664225, 128.662459, 128.011719, 628.011719, 109.000000, 1133049333.333333
175, 2.916667, 0.653880, 129.316339, 128.675781, 628.675781, 109.000000, 1133049333.333333
176, 2.933333, 0.643539, 129.959878, 129.332031, 629.332031, 109.000000, 1133049333.333333
177, 2.950000, 0.633199, 130.593077, 129.972656, 629.972656, 109.000000, 1133049333.333333
178, 2.966667, 0.622863, 131.215940, 130.605469, 630.605469, 109.000000, 1133049333.333333
179, 2.983333, 0.612529, 131.828470, 131.230469, 631.230469, 109.000000, 1133049333.333333
180, 3.000000, 0.602199, 132.430668, 131.843750, 631.843750, 109.000000, 1133049333.333333
181, 3.016667, 0.591871, 133.022539, 132.445313, 632.445313, 109.000000, 1133049333.333333
182, 3.033333, 0.581547, 133.604086, 133.035156, 633.035156, 109.000000, 1133049333.333333
183, 3.050000, 0.571226, 134.175312, 133.617188, 633.617188, 109.000000, 1133049333.333333
184, 3.066667, 0.560908, 134.736219, 134.191406, 634.191406, 109.000000, 1133049333.333333
185, 3.083333, 0.550593, 135.286813, 134.750000, 634.750000, 109.000000, 1133049333.333333
186, 3.100000, 0.540283, 135.827095, 135.300781, 635.300781, 109.000000, 1133049333.333333
187, 3.116667, 0.529976, 136.357071, 135.839844, 635.839844, 109.000000, 1133049333.333333
188, 3.133333, 0.519673, 136.876744, 136.371094, 636.371094, 109.000000, 1133049333.333333
189, 3.150000, 0.509374, 137.386117, 136.890625, 636.890625, 109.000000, 1133049333.333333
190, 3.166667, 0.499079, 137.885196, 137.402344, 637.402344, 109.000000, 1133049333.333333
191, 3.183333, 0.488788, 138.373984, 137.898438, 637.898438, 109.000000, 1133049333.333333
192, 3.200000, 0.478502, 138.852486, 138.386719, 638.386719, 109.000000, 1133049333.333333
193, 3.216667, 0.468221, 139.320708, 138.867188, 638.867188, 109.000000, 1133049333.333333
194, 3.233333, 0.457945, 139.778653, 139.335938, 639.335938, 109.000000, 1133049333.333333
195, 3.250000, 0.447674, 140.226327, 139.792969, 639.792969, 109.000000, 1133049333.333333
196, 3.266667, 0.437408, 140.663735, 140.242188, 640.242188, 109.000000, 1133049333.333333
197, 3.283333, 0.427149, 141.090884, 140.679688, 640.679688, 109.000000, 1133049333.333333
198, 3.300000, 0.416894, 141.507778, 141.105469, 641.105469, 109.000000, 1133049333.333333
199, 3.316667, 0.406647, 141.914425, 141.523438, 641.523438, 109.000000, 1133049333.333333
200, 3.333333, 0.396405, 142.310830, 141.929688, 641.929688, 109.000000, 1133049333.333333
201, 3.350000, 0.386171, 142.697001, 142.324219, 642.324219, 109.000000, 1133049333.333333
202, 3.366667, 0.375944, 143.072945, 142.710938, 642.710938, 109.000000, 1133049333.333333
203, 3.383333, 0.365724, 143.438668, 143.085938, 643.085938, 109.000000, 1133049333.333333
204, 3.400000, 0.355512, 143.794180, 143.453125, 643.453125, 109.000000, 1133049333.333333
205, 3.416667, 0.345309, 144.139489, 143.808594, 643.808594, 109.000000, 1133049333.333333
206, 3.433333, 0.335114, 144.474603, 144.152344, 644.152344, 109.000000, 1133049333.333333
207, 3.450000, 0.324929, 144.799532, 144.488281, 644.488281, 109.000000, 1133049333.333333
208, 3.466667, 0.314754, 145.114286, 144.812500, 644.812500, 109.000000, 1133049333.333333
209, 3.483333, 0.304590, 145.418876, 145.128906, 645.128906, 109.000000, 1133049333.333333
210, 3.500000, 0.294437, 145.713313, 145.433594, 645.433594, 109.000000, 1133049333.333333
211, 3.516667, 0.284296, 145.997608, 145.726563, 645.726563, 109.000000, 1133049333.333333
212, 3.533333, 0.274167, 146.271775, 146.011719, 646.011719, 109.000000, 1133049333.333333
213, 3.550000, 0.264053, 146.535828, 146.285156, 646.285156, 109.000000, 1133049333.333333
214, 3.566667, 0.253953, 146.789782, 146.550781, 646.550781, 109.000000, 1133049333.333333
215, 3.583333, 0.243870, 147.033652, 146.804688, 646.804688, 109.000000, 1133049333.333333
216, 3.600000, 0.233803, 147.267455, 147.046875, 647.046875, 109.000000, 1133049333.333333
217, 3.616667, 0.223756, 147.491211, 147.281250, 647.281250, 109.000000, 1133049333.333333
218, 3.633333, 0.213728, 147.704939, 147.503906, 647.503906, 109.000000, 1133049333.333333
219, 3.650000, 0.203723, 147.908662, 147.718750, 647.718750, 109.000000, 1133049333.333333
220, 3.666667, 0.193741, 148.102403, 147.921875, 647.921875, 109.000000, 1133049333.333333
221, 3.683333, 0.183786, 148.286189, 148.117188, 648.117188, 109.000000, 1133049333.333333
222, 3.700000, 0.173860, 148.460049, 148.300781, 648.300781, 109.000000, 1133049333.333333
223, 3.716667, 0.163967, 148.624016, 148.472656, 648.472656, 109.000000, 1133049333.333333
224, 3.733333, 0.154109, 148.778125, 148.636719, 648.636719, 109.000000, 1133049333.333333
225, 3.750000, 0.144291, 148.922416, 148.792969, 648.792969, 109.000000, 1133049333.333333
226, 3.766667, 0.134519, 149.056935, 148.937500, 648.937500, 109.000000, 1133049333.333333
227, 3.783333, 0.124798, 149.181733, 149.070313, 649.070313, 109.000000, 1133049333.333333
228, 3.800000, 0.115136, 149.296869, 149.195313, 649.195313, 109.000000, 1133049333.333333
229, 3.816667, 0.105541, 149.402410, 149.312500, 649.312500, 109.000000, 1133049333.333333
230, 3.833333, 0.096025, 149.498434, 149.417969, 649.417969, 109.000000, 1133049333.333333
231, 3.850000, 0.086601, 149.585035, 149.511719, 649.511719, 109.000000, 1133049333.333333
232, 3.866667, 0.077288, 149.662323, 149.597656, 649.597656, 109.000000, 1133049333.333333
233, 3.883333, 0.068107, 149.730430, 149.675781, 649.675781, 109.000000, 1133049333.333333
234, 3.900000, 0.059091, 149.789521, 149.746094, 649.746094, 109.000000, 1133049333.333333
235, 3.916667, 0.050280, 149.839801, 149.804688, 649.804688, 109.000000, 1133049333.333333
236, 3.933333, 0.041732, 149.881533, 149.855469, 649.855469, 109.000000, 1133049333.333333
237, 3.950000, 0.033527, 149.915060, 149.894531, 649.894531, 109.000000, 1133049333.333333
238, 3.966667, 0.025786, 149.940847, 149.929688, 649.929688, 109.000000, 1133049333.333333
239, 3.983333, 0.018686, 149.959532, 149.957031, 649.957031, 109.000000, 1133049333.333333
240, 4.000000, 0.012481, 149.972013, 149.972656, 649.972656, 109.000000, 1133049333.333333
241, 4.016667, 0.007506, 149.979518, 149.984375, 649.984375, 109.000000, 1133049333.333333
242, 4.033333, 0.004049, 149.983567, 149.992188, 649.992188, 109.000000, 1133049333.333333
243, 4.050000, 0.002050, 149.985617, 149.996094, 649.996094, 109.000000, 1133049333.333333
244, 4.066667, 0.001025, 149.986642, 150.000000, 650.000000, 109.000000, 1133049333.333333
